_date, average_price , total_volume ,_4046,_4225,_4770 ,total_bags,type,year,geography
04/01/2021 0:00,1.24,"137,506.15",7225.73,130204.01,76.41,19476.68,conventional,2021,Albany
04/01/2021 0:00,1.61,459.42,57.84,391.37,10.21,2117.76,organic,2021,Albany
10/01/2021 0:00,1.25,"105,586.70",7066.68,98488.83,31.19,28933.96,conventional,2021,Albany
10/01/2021 0:00,1.46,465.85,54.44,411.4,0,3166.28,organic,2021,Albany
17/01/2021 0:00,1.28,"104,632.94",6731.51,97866.24,35.19,26561.74,conventional,2021,Albany
17/01/2021 0:00,1.53,509.83,136.88,372.95,0,2878.91,organic,2021,Albany
24/01/2021 0:00,0.97,"143,992.19",8621.91,135321.63,48.65,23497.48,conventional,2021,Albany
24/01/2021 0:00,1.53,437.5,41.46,396.03,0,2504.3,organic,2021,Albany
31/01/2021 0:00,0.95,"96,746.44",6550.87,90146.02,49.56,27607.3,conventional,2021,Albany
31/01/2021 0:00,1.37,485.58,104.86,380.71,0,5153.58,organic,2021,Albany
07/02/2021 0:00,1.01,"172,836.29",8623.36,164185.03,27.9,24534.48,conventional,2021,Albany
07/02/2021 0:00,1.42,564.57,55.23,509.33,0,2963.03,organic,2021,Albany
14/02/2021 0:00,1,"109,335.20",7671.11,101641.41,22.68,23682.13,conventional,2021,Albany
14/02/2021 0:00,1.39,341.76,48.83,292.93,0,2747.5,organic,2021,Albany
21/02/2021 0:00,1.04,"111,306.30",7130.45,104138.69,37.16,25241.98,conventional,2021,Albany
21/02/2021 0:00,1.41,424.24,35.4,388.84,0,2917.04,organic,2021,Albany
28/02/2021 0:00,1.01,"101,354.18",7063.9,94259.75,30.54,26067.99,conventional,2021,Albany
28/02/2021 0:00,1.49,521.13,43.37,477.76,0,3200.33,organic,2021,Albany
07/03/2021 0:00,1.06,"121,525.42",7881.2,113611.16,33.08,29300.12,conventional,2021,Albany
07/03/2021 0:00,1.49,411.86,36.27,360.28,15.32,3293.64,organic,2021,Albany
14/03/2021 0:00,0.95,"106,997.21",6584.25,100365.83,47.14,30664.46,conventional,2021,Albany
14/03/2021 0:00,1.48,479.87,40.85,425.74,13.27,3104.71,organic,2021,Albany
21/03/2021 0:00,0.9,"126,841.03",6988.92,119825.27,26.84,27628.43,conventional,2021,Albany
21/03/2021 0:00,1.45,359.82,25.8,305.42,28.6,3458.98,organic,2021,Albany
28/03/2021 0:00,0.99,"107,235.45",11128.52,96070,36.93,28201.9,conventional,2021,Albany
28/03/2021 0:00,1.55,404.09,25.93,378.16,0,3305.91,organic,2021,Albany
04/04/2021 0:00,1.01,"121,282.39",15965.24,105287.7,29.44,27749.37,conventional,2021,Albany
04/04/2021 0:00,1.58,324.89,50.93,273.96,0,3375.1,organic,2021,Albany
11/04/2021 0:00,0.94,"120,368.75",21397.01,98922.69,49.05,23102.83,conventional,2021,Albany
11/04/2021 0:00,1.56,372.79,38.73,334.05,0,2856.95,organic,2021,Albany
18/04/2021 0:00,1.01,"119,768.18",18715.73,101029.54,22.9,27859.22,conventional,2021,Albany
18/04/2021 0:00,1.65,552.05,39.33,512.72,0,3249.29,organic,2021,Albany
25/04/2021 0:00,1.02,"120,187.62",17999.05,102155.49,33.07,27903.92,conventional,2021,Albany
25/04/2021 0:00,1.62,486.69,35.15,451.54,0,3036.29,organic,2021,Albany
02/05/2021 0:00,1.03,"117,971.54",18561.35,99365.79,44.41,24124.53,conventional,2021,Albany
02/05/2021 0:00,1.68,495.35,35.55,454.71,5.1,3105.88,organic,2021,Albany
09/05/2021 0:00,0.99,"141,942.32",24174.02,117719.58,48.73,23953.72,conventional,2021,Albany
09/05/2021 0:00,1.67,409.91,14.05,363.22,32.63,2871.36,organic,2021,Albany
16/05/2021 0:00,1.01,"108,056.60",18445.67,89538.96,71.97,23937.93,conventional,2021,Albany
16/05/2021 0:00,1.71,459.1,28.66,430.44,0,2829.11,organic,2021,Albany
13/06/2021 0:00,1.11,"109,742.63",22819.11,86878.16,45.36,28009.76,conventional,2021,Albany
06/06/2021 0:00,1.05,"115,304.72",24807.49,90457.67,39.55,26428.37,conventional,2021,Albany
30/05/2021 0:00,1.11,"114,807.43",22373.03,92389.76,44.64,26466.96,conventional,2021,Albany
23/05/2021 0:00,1.02,"123,824.10",20381.05,103409.98,33.08,28877,conventional,2021,Albany
13/06/2021 0:00,1.69,445.47,46.26,386.99,12.22,3165.85,organic,2021,Albany
06/06/2021 0:00,1.73,474.05,41.24,410.4,22.4,2907.91,organic,2021,Albany
30/05/2021 0:00,1.78,483.3,43.64,436.6,3.06,2528.93,organic,2021,Albany
23/05/2021 0:00,1.68,478.88,35.09,401.96,41.83,3192.23,organic,2021,Albany
11/07/2021 0:00,1.13,"101,467.22",23032.29,78428.89,6.04,20958.17,conventional,2021,Albany
04/07/2021 0:00,1.16,"130,234.15",26753.5,103428.73,51.91,20288.18,conventional,2021,Albany
27/06/2021 0:00,1.15,"110,864.52",27376.6,83408.74,79.18,17223.54,conventional,2021,Albany
20/06/2021 0:00,1.16,"122,599.38",23067.16,99490.77,41.45,22742.69,conventional,2021,Albany
11/07/2021 0:00,1.96,0.01,0,0,0,1388.95,organic,2021,Albany
04/07/2021 0:00,1.89, -   ,0,0,0,1761.43,organic,2021,Albany
27/06/2021 0:00,1.76, -   ,0,0,0,1588.72,organic,2021,Albany
20/06/2021 0:00,1.68,0,0,0,0,2235.11,organic,2021,Albany
08/08/2021 0:00,1.04,"118,223.51",19984.94,98226.75,11.82,30216.53,conventional,2021,Albany
01/08/2021 0:00,0.97,"95,342.08",23786.77,71534.47,20.85,37027.54,conventional,2021,Albany
25/07/2021 0:00,1.09,"97,627.60",22158.88,75465.68,3.05,26846.73,conventional,2021,Albany
18/07/2021 0:00,1.1,"99,068.77",22293.43,76775.34,0,24725.96,conventional,2021,Albany
08/08/2021 0:00,1.57,447.4,12.13,435.28,0,3541.48,organic,2021,Albany
01/08/2021 0:00,1.67,669.6,33.97,633.6,2.03,3536.68,organic,2021,Albany
25/07/2021 0:00,1.7,606.24,78.53,527.71,0,3428.13,organic,2021,Albany
18/07/2021 0:00,1.7,489.29,34.59,454.71,0,3446.07,organic,2021,Albany
05/09/2021 0:00,1.03,"78,187.90",14380.63,63806.04,1.23,31096.32,conventional,2021,Albany
29/08/2021 0:00,1.04,"106,291.66",12215.24,94076.42,0,22332.9,conventional,2021,Albany
22/08/2021 0:00,1,"94,313.86",9078.84,85234,1.01,42933.49,conventional,2021,Albany
15/08/2021 0:00,1.11,"85,817.22",10597.9,75219.32,0,28432.1,conventional,2021,Albany
05/09/2021 0:00,1.73,435.31,33.06,402.24,0,3472.95,organic,2021,Albany
29/08/2021 0:00,1.73,583.27,31.44,551.84,0,2843.86,organic,2021,Albany
22/08/2021 0:00,1.68,616.17,30.79,585.39,0,3333.4,organic,2021,Albany
15/08/2021 0:00,1.71,498.59,20.72,464.68,13.19,3307.56,organic,2021,Albany
03/10/2021 0:00,1.09,"81,090.08",18342.58,62734.3,13.19,20546.74,conventional,2021,Albany
26/09/2021 0:00,1.17,"89,775.37",15257.97,74510.09,7.32,17417.77,conventional,2021,Albany
19/09/2021 0:00,1.15,"72,568.00",14884.64,57667.2,16.15,16078.99,conventional,2021,Albany
12/09/2021 0:00,1.09,"75,950.65",16100.39,59850.27,0,21786.47,conventional,2021,Albany
03/10/2021 0:00,1.89,426.65,41.59,385.06,0,1887.1,organic,2021,Albany
26/09/2021 0:00,1.93,472.3,34.54,437.76,0,1532.3,organic,2021,Albany
19/09/2021 0:00,1.49,453,44.51,408.49,0,3695.12,organic,2021,Albany
12/09/2021 0:00,1.75,484.76,36.44,448.32,0,2919.1,organic,2021,Albany
31/10/2021 0:00,1.13,"88,903.98",22962.62,65941.35,0,22902.78,conventional,2021,Albany
24/10/2021 0:00,1.11,"82,346.80",23154.85,59188.91,3.04,21893.91,conventional,2021,Albany
17/10/2021 0:00,1.13,"92,937.16",21293.74,71626.35,17.08,22603.05,conventional,2021,Albany
10/10/2021 0:00,0.99,"82,352.72",16712.96,65638.81,0.94,41299.79,conventional,2021,Albany
31/10/2021 0:00,1.62,406.63,60.17,346.46,0,2950.97,organic,2021,Albany
24/10/2021 0:00,1.69,408.73,44.12,364.61,0,2745.77,organic,2021,Albany
17/10/2021 0:00,1.74,331.84,17.69,314.15,0,2478.07,organic,2021,Albany
10/10/2021 0:00,1.87,429.38,39.35,390.02,0,2186.94,organic,2021,Albany
28/11/2021 0:00,1.12,"67,037.35",22840.16,44185.55,11.63,19891.41,conventional,2021,Albany
21/11/2021 0:00,1.1,"79,987.17",29428.89,50545.82,12.46,23858.68,conventional,2021,Albany
14/11/2021 0:00,1.11,"81,401.72",26642.3,54750.41,9.01,20642.99,conventional,2021,Albany
07/11/2021 0:00,1.06,"93,121.93",30445.92,62673.02,2.98,21808.07,conventional,2021,Albany
28/11/2021 0:00,1.8,348.84,75.76,273.07,0,1867.25,organic,2021,Albany
21/11/2021 0:00,1.68,350.93,56.54,294.39,0,2709.1,organic,2021,Albany
14/11/2021 0:00,1.69,423.38,59.36,364.02,0,2647.94,organic,2021,Albany
07/11/2021 0:00,1.69,402.53,38.82,363.71,0,2402.24,organic,2021,Albany
26/12/2021 0:00,1.1,"78,157.52",27445.82,50690.96,20.74,21199.94,conventional,2021,Albany
19/12/2021 0:00,1.09,"83,489.89",30012.62,53462.96,14.31,25183.52,conventional,2021,Albany
12/12/2021 0:00,1.09,"80,837.30",29086.5,51738.7,12.1,25657.25,conventional,2021,Albany
05/12/2021 0:00,1.07,"107,535.01",39705.96,67814.53,14.52,20694.35,conventional,2021,Albany
26/12/2021 0:00,1.88,755.58,82.45,673.13,0,2164.06,organic,2021,Albany
19/12/2021 0:00,1.9,363.48,66.95,296.52,0,1674.31,organic,2021,Albany
12/12/2021 0:00,1.71,358.51,64.39,294.12,0,2303.74,organic,2021,Albany
05/12/2021 0:00,1.64,438.38,106.68,331.71,0,2437.68,organic,2021,Albany
04/01/2021 0:00,0.82,"353,433.33",308199.17,45153.36,80.81,171244.48,conventional,2021,Atlanta
04/01/2021 0:00,1.36,"3,185.57",81.84,3103.74,0,11952.26,organic,2021,Atlanta
10/01/2021 0:00,0.86,"357,763.41",318074.35,39660.41,28.65,182834.27,conventional,2021,Atlanta
10/01/2021 0:00,1.47,"3,210.39",142.18,3068.21,0,13740.36,organic,2021,Atlanta
17/01/2021 0:00,0.86,"351,780.91",321130.25,30612.43,38.23,209725.54,conventional,2021,Atlanta
17/01/2021 0:00,1.59,"3,040.95",63.12,2977.82,0,14590.62,organic,2021,Atlanta
24/01/2021 0:00,0.85,"349,390.98",314353.22,34990.84,46.92,205439.73,conventional,2021,Atlanta
24/01/2021 0:00,1.48,"3,146.83",46.59,3100.24,0,13794.6,organic,2021,Atlanta
31/01/2021 0:00,0.86,"387,823.83",352091.87,35665.47,66.48,212442.33,conventional,2021,Atlanta
31/01/2021 0:00,1.51,"2,865.70",46.63,2819.07,0,13166.7,organic,2021,Atlanta
07/02/2021 0:00,0.85,"419,533.48",370512.24,48983.47,37.77,207374.1,conventional,2021,Atlanta
07/02/2021 0:00,1.56,"2,879.72",60.63,2819.08,0,12637.74,organic,2021,Atlanta
14/02/2021 0:00,0.85,"322,953.76",282034.11,40888.58,31.07,210417.38,conventional,2021,Atlanta
14/02/2021 0:00,1.54,"2,626.59",69.08,2557.52,0,12752.57,organic,2021,Atlanta
21/02/2021 0:00,0.9,"370,510.70",338698.84,31720.56,91.3,185148.81,conventional,2021,Atlanta
21/02/2021 0:00,1.64,"2,557.16",89.24,2467.92,0,12355,organic,2021,Atlanta
28/02/2021 0:00,0.91,"322,700.49",286102.91,36538.33,59.24,198728.54,conventional,2021,Atlanta
28/02/2021 0:00,1.62,"3,079.22",353.31,2725.91,0,11178.78,organic,2021,Atlanta
07/03/2021 0:00,0.96,"324,474.88",288578.26,35771.82,124.8,206313.26,conventional,2021,Atlanta
07/03/2021 0:00,1.59,"2,360.95",126.39,2234.56,0,12351.86,organic,2021,Atlanta
14/03/2021 0:00,0.97,"321,400.15",297527.54,23832.61,40,210536.09,conventional,2021,Atlanta
14/03/2021 0:00,1.62,"2,678.67",64.25,2614.41,0,13204.57,organic,2021,Atlanta
21/03/2021 0:00,0.99,"325,008.48",284013.69,40961.95,32.85,206792.88,conventional,2021,Atlanta
21/03/2021 0:00,1.51,"2,620.84",69.49,2551.35,0,13111.47,organic,2021,Atlanta
28/03/2021 0:00,1.09,"298,013.45",256520.59,41433.68,59.18,203404.41,conventional,2021,Atlanta
28/03/2021 0:00,1.6,"2,908.08",56.36,2851.72,0,13273.38,organic,2021,Atlanta
04/04/2021 0:00,1.1,"263,318.72",237656.12,25571.75,90.85,201816.92,conventional,2021,Atlanta
04/04/2021 0:00,1.78,"2,605.18",40.97,2564.2,0,10439.9,organic,2021,Atlanta
11/04/2021 0:00,1.11,"286,041.37",263044.26,22956.33,40.78,197332.82,conventional,2021,Atlanta
11/04/2021 0:00,1.82,"2,976.76",67.23,2909.53,0,10233.76,organic,2021,Atlanta
18/04/2021 0:00,1.13,"299,816.98",276170.29,23600.59,46.11,205125.16,conventional,2021,Atlanta
18/04/2021 0:00,1.8,"2,604.39",70.2,2534.19,0,9525.93,organic,2021,Atlanta
25/04/2021 0:00,1.14,"300,784.45",279213.15,21544.75,26.54,208037.08,conventional,2021,Atlanta
25/04/2021 0:00,1.75,"2,794.37",108.14,2686.23,0,10863.33,organic,2021,Atlanta
02/05/2021 0:00,1.05,"360,919.91",339515.26,21383.71,20.95,178871.74,conventional,2021,Atlanta
02/05/2021 0:00,1.58,"3,034.75",43.7,2991.05,0,11727.03,organic,2021,Atlanta
09/05/2021 0:00,1.12,"317,648.94",292253.89,25350.32,44.73,174828.68,conventional,2021,Atlanta
09/05/2021 0:00,1.63,"3,061.87",56.46,3005.41,0,13636.48,organic,2021,Atlanta
16/05/2021 0:00,1.15,"296,624.64",270339.6,26248.9,36.14,180460.48,conventional,2021,Atlanta
16/05/2021 0:00,1.75,"2,838.51",42.52,2795.99,0,11960.28,organic,2021,Atlanta
13/06/2021 0:00,1.05,"309,749.04",284796.52,24923.08,29.44,180668.33,conventional,2021,Atlanta
06/06/2021 0:00,1.05,"303,840.42",278673.94,25130.55,35.92,192885.17,conventional,2021,Atlanta
30/05/2021 0:00,1.02,"325,022.10",304679.72,20322.19,20.2,191934.59,conventional,2021,Atlanta
23/05/2021 0:00,1.03,"321,504.77",298868.94,22575.18,60.65,187939.13,conventional,2021,Atlanta
13/06/2021 0:00,1.7,"2,836.00",138.06,2697.95,0,14553,organic,2021,Atlanta
06/06/2021 0:00,1.76,"2,849.58",152.87,2696.71,0,11520.48,organic,2021,Atlanta
30/05/2021 0:00,1.65,"2,993.23",131.43,2861.81,0,8611.52,organic,2021,Atlanta
23/05/2021 0:00,1.63,"3,015.93",58.2,2957.74,0,9413.27,organic,2021,Atlanta
11/07/2021 0:00,1.02,"290,953.36",251280.55,39619.19,53.62,179866.98,conventional,2021,Atlanta
04/07/2021 0:00,1.03,"313,329.75",275807.08,37425.96,96.7,185525.59,conventional,2021,Atlanta
27/06/2021 0:00,1.08,"285,076.05",246269.6,38758.34,48.11,161307.19,conventional,2021,Atlanta
20/06/2021 0:00,1.08,"292,611.52",251884.8,40654.27,72.45,176104.36,conventional,2021,Atlanta
11/07/2021 0:00,1.72, -   ,0,0,0,12137.33,organic,2021,Atlanta
04/07/2021 0:00,1.68, -   ,0,0,0,13999.26,organic,2021,Atlanta
27/06/2021 0:00,1.51, -   ,0,0,0,16092.55,organic,2021,Atlanta
20/06/2021 0:00,1.53,-0.01,0,0,0,16325.75,organic,2021,Atlanta
08/08/2021 0:00,1.12,"285,115.21",239076.52,46000.82,37.87,108910.17,conventional,2021,Atlanta
01/08/2021 0:00,1.09,"303,224.37",265522.85,37669.97,31.55,123275.71,conventional,2021,Atlanta
25/07/2021 0:00,0.95,"295,661.74",244700.16,50925.99,35.59,185006.67,conventional,2021,Atlanta
18/07/2021 0:00,0.95,"302,705.35",247970.46,54699.65,35.23,197246.85,conventional,2021,Atlanta
08/08/2021 0:00,1.79,"2,691.28",104.02,2587.26,0,9046.96,organic,2021,Atlanta
01/08/2021 0:00,1.78,"3,371.73",139.85,3231.88,0,10465.32,organic,2021,Atlanta
25/07/2021 0:00,1.74,"2,606.11",133.56,2472.55,0,10371.19,organic,2021,Atlanta
18/07/2021 0:00,1.62,"2,601.08",155.76,2445.32,0,11641.78,organic,2021,Atlanta
05/09/2021 0:00,1.09,"298,642.70",249344.65,49274.23,23.83,139668.16,conventional,2021,Atlanta
29/08/2021 0:00,1.04,"288,634.07",238227.41,50388.08,18.57,142553.47,conventional,2021,Atlanta
22/08/2021 0:00,1.04,"279,495.17",242031.63,37425.16,38.39,158684.98,conventional,2021,Atlanta
15/08/2021 0:00,1.07,"299,437.29",248845.32,50533.73,58.24,128811.94,conventional,2021,Atlanta
05/09/2021 0:00,1.62,"3,249.64",99.88,3149.76,0,17863.98,organic,2021,Atlanta
29/08/2021 0:00,1.6,"2,986.25",134.59,2851.66,0,17710.38,organic,2021,Atlanta
22/08/2021 0:00,1.78,"3,957.47",148.84,3808.64,0,14208.64,organic,2021,Atlanta
15/08/2021 0:00,1.72,"2,803.64",127.3,2676.33,0,14859.72,organic,2021,Atlanta
03/10/2021 0:00,1.11,"365,997.37",334752.32,31170.08,74.96,122892.69,conventional,2021,Atlanta
26/09/2021 0:00,1.15,"303,819.77",272880.39,30888.79,50.58,153729.06,conventional,2021,Atlanta
19/09/2021 0:00,1.09,"312,275.95",282144.81,30094.23,36.91,160948.36,conventional,2021,Atlanta
12/09/2021 0:00,1.09,"273,877.97",244452.48,29400.72,24.78,146879.38,conventional,2021,Atlanta
03/10/2021 0:00,1.62,"3,304.77",130.06,3174.71,0,12771.59,organic,2021,Atlanta
26/09/2021 0:00,1.88,"2,861.00",109.01,2751.99,0,10341.09,organic,2021,Atlanta
19/09/2021 0:00,1.88,"2,498.91",116.93,2381.98,0,10916.91,organic,2021,Atlanta
12/09/2021 0:00,1.63,"2,846.04",69.85,2776.19,0,17255.97,organic,2021,Atlanta
31/10/2021 0:00,1.07,"296,839.71",278742.68,18035.69,61.35,129733.1,conventional,2021,Atlanta
24/10/2021 0:00,1.07,"308,454.29",290078.25,18318.59,57.45,123189.56,conventional,2021,Atlanta
17/10/2021 0:00,1.08,"304,995.21",285866.97,19104.67,23.57,135510.73,conventional,2021,Atlanta
10/10/2021 0:00,1.12,"356,869.42",332807.4,24027.64,34.38,125573.12,conventional,2021,Atlanta
31/10/2021 0:00,1.66,"2,962.94",171.19,2791.75,0,13443.4,organic,2021,Atlanta
24/10/2021 0:00,1.84,"2,586.50",113.08,2473.42,0,10044.28,organic,2021,Atlanta
17/10/2021 0:00,1.89,"2,496.93",45.87,2451.06,0,8603.43,organic,2021,Atlanta
10/10/2021 0:00,1.66,"2,645.39",78.18,2567.22,0,11259.57,organic,2021,Atlanta
28/11/2021 0:00,1.03,"283,436.39",265709.07,17676.27,51.06,94364.06,conventional,2021,Atlanta
21/11/2021 0:00,1.06,"262,088.06",243181.12,18843.37,63.58,113817.75,conventional,2021,Atlanta
14/11/2021 0:00,1.04,"276,485.35",257663.66,18805.56,16.14,136334.19,conventional,2021,Atlanta
07/11/2021 0:00,1.13,"278,735.46",262450.4,16236.47,48.59,156540.38,conventional,2021,Atlanta
28/11/2021 0:00,1.8,"2,584.05",74.71,2509.35,0,7012.63,organic,2021,Atlanta
21/11/2021 0:00,1.84,"2,584.44",101.76,2482.69,0,10635.89,organic,2021,Atlanta
14/11/2021 0:00,1.84,"2,316.92",78.49,2238.43,0,11832.02,organic,2021,Atlanta
07/11/2021 0:00,1.75,"3,084.21",82.33,3001.87,0,11081.76,organic,2021,Atlanta
26/12/2021 0:00,1.02,"277,247.67",260211.36,17000.16,36.15,115777.78,conventional,2021,Atlanta
19/12/2021 0:00,1.06,"268,309.95",249227.6,19034.35,48,120148.74,conventional,2021,Atlanta
12/12/2021 0:00,1.06,"295,345.24",274689.61,20576.44,79.18,121615.13,conventional,2021,Atlanta
05/12/2021 0:00,1.04,"284,951.03",265161.67,19728.27,61.08,113061.94,conventional,2021,Atlanta
26/12/2021 0:00,1.79,"1,873.34",53.03,1820.31,0,10918.5,organic,2021,Atlanta
19/12/2021 0:00,1.82,"2,095.36",96.69,1998.67,0,11406.16,organic,2021,Atlanta
12/12/2021 0:00,1.82,"2,286.51",137.97,2148.53,0,12053.26,organic,2021,Atlanta
05/12/2021 0:00,1.75,"2,324.49",149.74,2174.75,0,10387.77,organic,2021,Atlanta
04/01/2021 0:00,1.04,"506,730.63",220482.26,282498.61,3749.76,413855.38,conventional,2021,Baltimore/Washington
04/01/2021 0:00,1.32,"4,022.56",582.56,3440,0,63143.03,organic,2021,Baltimore/Washington
10/01/2021 0:00,1.22,"475,911.03",186130.62,286565.86,3214.55,390787.05,conventional,2021,Baltimore/Washington
10/01/2021 0:00,1.34,"3,741.35",629.41,3108.48,3.46,69182.66,organic,2021,Baltimore/Washington
17/01/2021 0:00,1.16,"593,570.96",254348.42,335621.82,3600.72,388151.39,conventional,2021,Baltimore/Washington
17/01/2021 0:00,1.31,"4,431.86",752.27,3676.14,3.45,68853.86,organic,2021,Baltimore/Washington
24/01/2021 0:00,1.16,"518,583.17",221628.58,292342.95,4611.64,390518.98,conventional,2021,Baltimore/Washington
24/01/2021 0:00,1.27,"4,008.16",589.4,3411.84,6.91,72284.94,organic,2021,Baltimore/Washington
31/01/2021 0:00,1.05,"616,057.10",260256.35,352233.57,3567.18,520569.71,conventional,2021,Baltimore/Washington
31/01/2021 0:00,1.26,"4,011.64",463.05,3537.08,11.51,80207.53,organic,2021,Baltimore/Washington
07/02/2021 0:00,1.07,"624,237.58",286144.83,334259.58,3833.17,484721.54,conventional,2021,Baltimore/Washington
07/02/2021 0:00,1.26,"4,262.58",556.21,3696.01,10.37,74608.89,organic,2021,Baltimore/Washington
14/02/2021 0:00,1.06,"592,885.09",267135.83,322342.68,3406.58,427860.58,conventional,2021,Baltimore/Washington
14/02/2021 0:00,1.24,"4,192.82",437.18,3755.64,0,75360.39,organic,2021,Baltimore/Washington
21/02/2021 0:00,1.16,"537,395.08",235373.34,298041.23,3980.51,342282.06,conventional,2021,Baltimore/Washington
21/02/2021 0:00,1.27,"3,818.43",475.56,3335.96,6.91,77243.45,organic,2021,Baltimore/Washington
28/02/2021 0:00,1.22,"499,071.68",211414.47,283820.78,3836.43,390473.34,conventional,2021,Baltimore/Washington
28/02/2021 0:00,1.13,"4,022.77",399.04,3612.24,11.49,85091.84,organic,2021,Baltimore/Washington
07/03/2021 0:00,1.21,"467,606.47",201533.96,262844.05,3228.46,467063.12,conventional,2021,Baltimore/Washington
07/03/2021 0:00,1.2,"3,569.24",546.5,3018.12,4.61,83744.94,organic,2021,Baltimore/Washington
14/03/2021 0:00,1.15,"602,816.85",272872.01,326474.91,3469.93,387890.81,conventional,2021,Baltimore/Washington
14/03/2021 0:00,1.19,"3,958.16",393.14,3556.95,8.06,83428.64,organic,2021,Baltimore/Washington
21/03/2021 0:00,1.23,"504,521.64",227163.06,273978.69,3379.89,374852.38,conventional,2021,Baltimore/Washington
21/03/2021 0:00,1.14,"4,059.02",400.47,3650.5,8.06,86749.86,organic,2021,Baltimore/Washington
28/03/2021 0:00,1.34,"480,172.42",219138.13,258371.16,2663.12,414594.03,conventional,2021,Baltimore/Washington
28/03/2021 0:00,1.24,"3,977.17",462.33,3511.38,3.46,84125.83,organic,2021,Baltimore/Washington
04/04/2021 0:00,1.32,"485,935.72",208030.31,275204.09,2701.32,385446.01,conventional,2021,Baltimore/Washington
04/04/2021 0:00,1.25,"3,692.21",417.82,3259.45,14.95,87939.4,organic,2021,Baltimore/Washington
11/04/2021 0:00,1.41,"473,361.80",202372.75,268401.66,2587.39,393902.56,conventional,2021,Baltimore/Washington
11/04/2021 0:00,1.23,"3,859.91",422.28,3428.44,9.2,93306.85,organic,2021,Baltimore/Washington
18/04/2021 0:00,1.4,"511,886.81",229380.28,279959.75,2546.79,399351.7,conventional,2021,Baltimore/Washington
18/04/2021 0:00,1.22,"4,227.19",430.07,3782.19,14.93,96218.09,organic,2021,Baltimore/Washington
25/04/2021 0:00,1.39,"468,169.78",202974.91,262680.37,2514.5,425159.44,conventional,2021,Baltimore/Washington
25/04/2021 0:00,1.25,"4,062.47",551.4,3506.47,4.59,92651.33,organic,2021,Baltimore/Washington
02/05/2021 0:00,1.3,"553,445.79",233989.84,314392.55,5063.4,396916.19,conventional,2021,Baltimore/Washington
02/05/2021 0:00,1.22,"3,761.57",491.61,3258.47,11.48,94869.87,organic,2021,Baltimore/Washington
09/05/2021 0:00,1.18,"582,280.85",267749.09,311556.98,2974.78,407345.57,conventional,2021,Baltimore/Washington
09/05/2021 0:00,1.28,"4,296.16",429.36,3857.59,9.2,85737.51,organic,2021,Baltimore/Washington
16/05/2021 0:00,1.43,"461,131.23",205240.83,252937.76,2952.64,369388.72,conventional,2021,Baltimore/Washington
16/05/2021 0:00,1.26,"4,395.22",532.89,3856.58,5.76,83812,organic,2021,Baltimore/Washington
13/06/2021 0:00,1.29,"524,845.12",248514.11,273471.73,2859.29,342576.57,conventional,2021,Baltimore/Washington
06/06/2021 0:00,1.41,"476,231.47",209074.09,264629,2528.37,359669.92,conventional,2021,Baltimore/Washington
30/05/2021 0:00,1.42,"487,650.84",215798.12,269590.06,2262.67,386388.8,conventional,2021,Baltimore/Washington
23/05/2021 0:00,1.43,"478,560.35",212383.49,263442.32,2734.54,386052.08,conventional,2021,Baltimore/Washington
13/06/2021 0:00,1.28,"3,930.02",530.13,3395.27,4.61,87843.3,organic,2021,Baltimore/Washington
06/06/2021 0:00,1.22,"4,053.57",528.67,3519.12,5.77,96833.21,organic,2021,Baltimore/Washington
30/05/2021 0:00,1.22,"3,660.02",426.74,3228.66,4.61,89394.79,organic,2021,Baltimore/Washington
23/05/2021 0:00,1.2,"3,972.40",435.11,3531.54,5.76,94760.41,organic,2021,Baltimore/Washington
11/07/2021 0:00,1.36,"448,195.48",206466.2,239438.16,2291.12,355477.36,conventional,2021,Baltimore/Washington
04/07/2021 0:00,1.42,"434,168.09",193798.26,238356.04,2013.79,375930.97,conventional,2021,Baltimore/Washington
27/06/2021 0:00,1.41,"451,930.73",211246.21,238809.99,1874.54,326782.36,conventional,2021,Baltimore/Washington
20/06/2021 0:00,1.38,"437,296.63",195868.82,239493.76,1934.04,380469.59,conventional,2021,Baltimore/Washington
11/07/2021 0:00,1.75, -   ,0,0,0,37743.75,organic,2021,Baltimore/Washington
04/07/2021 0:00,1.74, -   ,0,0,0,37610.66,organic,2021,Baltimore/Washington
27/06/2021 0:00,1.74,0,0,0,0,37201.59,organic,2021,Baltimore/Washington
20/06/2021 0:00,1.72,0,0,0,0,38484.92,organic,2021,Baltimore/Washington
08/08/2021 0:00,1.27,"447,004.53",229804.16,215150.11,2050.27,290344.49,conventional,2021,Baltimore/Washington
01/08/2021 0:00,1.32,"398,441.37",188742.52,207740.95,1957.9,355352.95,conventional,2021,Baltimore/Washington
25/07/2021 0:00,1.39,"421,187.75",196240.57,222981.25,1965.92,340290.12,conventional,2021,Baltimore/Washington
18/07/2021 0:00,1.34,"425,262.53",198953.44,224064.4,2244.7,377389.09,conventional,2021,Baltimore/Washington
08/08/2021 0:00,1.7,"3,498.76",345.67,3153.1,0,42501.82,organic,2021,Baltimore/Washington
01/08/2021 0:00,1.76,"3,573.75",323.01,3248.37,2.36,42922.69,organic,2021,Baltimore/Washington
25/07/2021 0:00,1.81,"4,427.49",417.4,4005.47,4.62,41145.78,organic,2021,Baltimore/Washington
18/07/2021 0:00,1.77,"4,623.23",445.87,4171.59,5.78,43154.18,organic,2021,Baltimore/Washington
05/09/2021 0:00,1.22,"375,538.17",200092.96,173090.52,2354.69,363343.26,conventional,2021,Baltimore/Washington
29/08/2021 0:00,1.27,"410,688.41",193772.9,214315.38,2600.13,333679.33,conventional,2021,Baltimore/Washington
22/08/2021 0:00,1.26,"403,607.01",189030.28,212288.11,2288.63,396528.42,conventional,2021,Baltimore/Washington
15/08/2021 0:00,1.28,"415,496.66",186488.94,226910.97,2096.75,357941.58,conventional,2021,Baltimore/Washington
05/09/2021 0:00,1.73,"5,740.21",818.24,4913.88,8.09,47796.92,organic,2021,Baltimore/Washington
29/08/2021 0:00,1.83,"7,175.38",3167.98,3990.04,17.35,44549.25,organic,2021,Baltimore/Washington
22/08/2021 0:00,1.76,"4,102.65",730.16,3364.38,8.1,44731.53,organic,2021,Baltimore/Washington
15/08/2021 0:00,1.77,"3,247.74",358.65,2887.94,1.16,43563.8,organic,2021,Baltimore/Washington
03/10/2021 0:00,1.46,"406,169.69",203259.47,200598.65,2311.56,351840.97,conventional,2021,Baltimore/Washington
26/09/2021 0:00,1.45,"381,669.24",188117.57,191242.74,2308.94,347118.89,conventional,2021,Baltimore/Washington
19/09/2021 0:00,1.29,"456,358.86",242751.02,210872.66,2735.17,354328.79,conventional,2021,Baltimore/Washington
12/09/2021 0:00,1.36,"392,948.24",183582.56,206859.23,2506.46,365998.86,conventional,2021,Baltimore/Washington
03/10/2021 0:00,1.8,"5,328.71",454.28,4862.88,11.55,38178.42,organic,2021,Baltimore/Washington
26/09/2021 0:00,1.75,"5,358.01",503.11,4834.1,20.8,39693.86,organic,2021,Baltimore/Washington
19/09/2021 0:00,1.72,"6,845.98",662.57,6167.23,16.18,46893.33,organic,2021,Baltimore/Washington
12/09/2021 0:00,1.81,"6,710.35",645.75,6059.97,4.63,41931.08,organic,2021,Baltimore/Washington
31/10/2021 0:00,1.31,"420,861.71",231426.24,185854.32,3581.15,331310.94,conventional,2021,Baltimore/Washington
24/10/2021 0:00,1.43,"411,487.80",220313.24,188530.69,2643.86,342828.73,conventional,2021,Baltimore/Washington
17/10/2021 0:00,1.43,"413,924.13",213269.78,197791.86,2862.48,361968,conventional,2021,Baltimore/Washington
10/10/2021 0:00,1.46,"398,033.89",201402.55,193822.61,2808.72,379314.47,conventional,2021,Baltimore/Washington
31/10/2021 0:00,1.66,"3,882.11",401.49,3480.62,0,47138.57,organic,2021,Baltimore/Washington
24/10/2021 0:00,1.81,"4,826.85",482.27,4344.58,0,40647.48,organic,2021,Baltimore/Washington
17/10/2021 0:00,1.71,"5,564.13",399.76,5162.05,2.31,42186.11,organic,2021,Baltimore/Washington
10/10/2021 0:00,1.8,"4,566.94",403.27,4157.9,5.77,41185.05,organic,2021,Baltimore/Washington
28/11/2021 0:00,1.42,"336,841.47",181717.81,153216.39,1907.28,300006.29,conventional,2021,Baltimore/Washington
21/11/2021 0:00,1.41,"365,168.91",193022.63,169476.28,2670.01,336793.55,conventional,2021,Baltimore/Washington
14/11/2021 0:00,1.47,"395,811.20",209621.77,183080.72,3108.71,340733.84,conventional,2021,Baltimore/Washington
07/11/2021 0:00,1.38,"387,429.22",205786.89,178325.35,3316.99,346061.18,conventional,2021,Baltimore/Washington
28/11/2021 0:00,1.81,"3,401.82",512.64,2886.87,2.3,31846.91,organic,2021,Baltimore/Washington
21/11/2021 0:00,1.82,"3,224.29",504.68,2710.42,9.2,36589.6,organic,2021,Baltimore/Washington
14/11/2021 0:00,1.72,"4,174.64",641.87,3529.31,3.45,41848.03,organic,2021,Baltimore/Washington
07/11/2021 0:00,1.82,"4,062.38",579.43,3471.43,11.52,36631.92,organic,2021,Baltimore/Washington
26/12/2021 0:00,1.35,"359,144.60",191815.24,164816.33,2513.04,370383.03,conventional,2021,Baltimore/Washington
19/12/2021 0:00,1.33,"358,545.62",187851.84,168126.77,2567.01,379172.94,conventional,2021,Baltimore/Washington
12/12/2021 0:00,1.36,"363,214.88",195285.93,165248.35,2680.6,368837.81,conventional,2021,Baltimore/Washington
05/12/2021 0:00,1.35,"361,177.89",189501.41,168203.68,3472.81,376120.65,conventional,2021,Baltimore/Washington
26/12/2021 0:00,1.8,"3,402.30",408.51,2985.75,8.05,37039.07,organic,2021,Baltimore/Washington
19/12/2021 0:00,1.8,"3,183.12",430.61,2747.92,4.6,36563.74,organic,2021,Baltimore/Washington
12/12/2021 0:00,1.84,"3,970.14",699.18,3264.06,6.89,37435.13,organic,2021,Baltimore/Washington
05/12/2021 0:00,1.79,"3,306.90",546.17,2759.58,1.15,37586.39,organic,2021,Baltimore/Washington
04/01/2021 0:00,0.73,"190,881.92",177970.28,12901.64,10.01,93996.81,conventional,2021,Birmingham/Montgomery
04/01/2021 0:00,1.16,220.71,27.75,192.96,0,9580.48,organic,2021,Birmingham/Montgomery
10/01/2021 0:00,0.79,"183,999.49",174279.27,9709.83,10.39,108187.59,conventional,2021,Birmingham/Montgomery
10/01/2021 0:00,1.17,221.64,49.52,172.13,0,10498.7,organic,2021,Birmingham/Montgomery
17/01/2021 0:00,0.81,"175,783.65",166189.98,9569.24,24.43,118042.04,conventional,2021,Birmingham/Montgomery
17/01/2021 0:00,1.21,307.28,39.41,267.86,0,10897.39,organic,2021,Birmingham/Montgomery
24/01/2021 0:00,0.82,"181,694.65",171587.84,10088.06,18.75,108360.93,conventional,2021,Birmingham/Montgomery
24/01/2021 0:00,1.2,230.93,63.5,167.43,0,9993.67,organic,2021,Birmingham/Montgomery
31/01/2021 0:00,0.85,"202,166.55",191651.09,10488.46,27,107283.68,conventional,2021,Birmingham/Montgomery
31/01/2021 0:00,1.22,220.86,33.87,186.98,0,9342.74,organic,2021,Birmingham/Montgomery
07/02/2021 0:00,0.79,"232,040.39",216844.25,15182.14,14.01,125835.34,conventional,2021,Birmingham/Montgomery
07/02/2021 0:00,1.12,332.9,87.49,245.42,0,10767.46,organic,2021,Birmingham/Montgomery
14/02/2021 0:00,0.83,"181,151.58",170661.89,10474.04,15.65,107694.9,conventional,2021,Birmingham/Montgomery
14/02/2021 0:00,1.18,334.23,127.33,206.91,0,11316.82,organic,2021,Birmingham/Montgomery
21/02/2021 0:00,0.85,"202,507.74",192595.34,9901.78,10.62,100138.26,conventional,2021,Birmingham/Montgomery
21/02/2021 0:00,1.21,268.48,96.14,172.34,0,10916.35,organic,2021,Birmingham/Montgomery
28/02/2021 0:00,0.9,"174,420.55",164584.37,9821.36,14.82,105314.86,conventional,2021,Birmingham/Montgomery
28/02/2021 0:00,1.29,337.41,98.55,238.86,0,9221.8,organic,2021,Birmingham/Montgomery
07/03/2021 0:00,0.92,"169,039.31",160776.23,8202.59,60.49,117403.42,conventional,2021,Birmingham/Montgomery
07/03/2021 0:00,1.31,299.85,71.07,228.78,0,9568.12,organic,2021,Birmingham/Montgomery
14/03/2021 0:00,0.92,"171,363.76",163203.57,8136.56,23.63,114248.43,conventional,2021,Birmingham/Montgomery
14/03/2021 0:00,1.3,299.46,64.07,235.39,0,9520.4,organic,2021,Birmingham/Montgomery
21/03/2021 0:00,0.94,"164,847.32",155800.68,9030.58,16.07,114139.63,conventional,2021,Birmingham/Montgomery
21/03/2021 0:00,1.33,236.91,40,196.91,0,10311.63,organic,2021,Birmingham/Montgomery
28/03/2021 0:00,1.01,"160,588.93",150327.27,10232.05,29.61,108467.33,conventional,2021,Birmingham/Montgomery
28/03/2021 0:00,1.43,256.31,47.66,208.64,0,9745.01,organic,2021,Birmingham/Montgomery
04/04/2021 0:00,1.01,"154,011.03",145341.8,8652.91,16.32,112452.69,conventional,2021,Birmingham/Montgomery
04/04/2021 0:00,1.46,213.53,46.86,166.66,0,9613.6,organic,2021,Birmingham/Montgomery
11/04/2021 0:00,1.03,"166,564.15",157749.53,8793.83,20.79,105029.78,conventional,2021,Birmingham/Montgomery
11/04/2021 0:00,1.5,261.4,131.25,130.15,0,9611.97,organic,2021,Birmingham/Montgomery
18/04/2021 0:00,1.06,"163,336.24",154733.66,8563.65,38.92,108933.3,conventional,2021,Birmingham/Montgomery
18/04/2021 0:00,1.48,251.5,93.69,157.82,0,8666.92,organic,2021,Birmingham/Montgomery
25/04/2021 0:00,1.07,"155,740.26",147384.27,8346.02,9.97,108658.55,conventional,2021,Birmingham/Montgomery
25/04/2021 0:00,1.53,222.69,28.28,194.41,0,8947.88,organic,2021,Birmingham/Montgomery
02/05/2021 0:00,1.05,"192,559.17",183440.96,9089.26,28.95,104422.99,conventional,2021,Birmingham/Montgomery
02/05/2021 0:00,1.42,206.84,18.39,188.45,0,9076.68,organic,2021,Birmingham/Montgomery
09/05/2021 0:00,1.1,"161,685.38",154935.38,6691.27,58.73,108056.37,conventional,2021,Birmingham/Montgomery
09/05/2021 0:00,1.46,257.69,10.97,246.72,0,9255.45,organic,2021,Birmingham/Montgomery
16/05/2021 0:00,1.09,"158,346.16",150407.7,7925.11,13.35,105569.18,conventional,2021,Birmingham/Montgomery
16/05/2021 0:00,1.56,249.42,23.49,225.92,0,8526.89,organic,2021,Birmingham/Montgomery
13/06/2021 0:00,1.06,"155,732.00",148521.17,7166.9,43.92,99566.55,conventional,2021,Birmingham/Montgomery
06/06/2021 0:00,1.06,"157,723.86",149999.74,7712.14,11.98,107000.16,conventional,2021,Birmingham/Montgomery
30/05/2021 0:00,1.07,"170,395.29",162539.33,7834.33,21.62,102546.76,conventional,2021,Birmingham/Montgomery
23/05/2021 0:00,1.06,"161,568.78",154056.92,7499.95,11.91,106908.74,conventional,2021,Birmingham/Montgomery
13/06/2021 0:00,1.46,373.48,189.47,184.02,0,9871.79,organic,2021,Birmingham/Montgomery
06/06/2021 0:00,1.52,302.68,138.49,164.19,0,8014.33,organic,2021,Birmingham/Montgomery
30/05/2021 0:00,1.48,282.55,82.44,200.1,0,9815.83,organic,2021,Birmingham/Montgomery
23/05/2021 0:00,1.31,292.25,48.55,243.71,0,13368.83,organic,2021,Birmingham/Montgomery
11/07/2021 0:00,0.97,"154,070.16",141077.11,12986.88,6.16,93894.93,conventional,2021,Birmingham/Montgomery
04/07/2021 0:00,0.99,"169,828.27",156717.48,13101.29,9.49,101578.01,conventional,2021,Birmingham/Montgomery
27/06/2021 0:00,1.05,"152,616.83",141810.4,10772.68,33.75,95506.58,conventional,2021,Birmingham/Montgomery
20/06/2021 0:00,1.07,"150,671.03",140351.41,10313.92,5.7,96270.96,conventional,2021,Birmingham/Montgomery
11/07/2021 0:00,1.54, -   ,0,0,0,7581.36,organic,2021,Birmingham/Montgomery
04/07/2021 0:00,1.52,-0.01,0,0,0,10431.96,organic,2021,Birmingham/Montgomery
27/06/2021 0:00,1.41,0.01,0,0,0,10104.45,organic,2021,Birmingham/Montgomery
20/06/2021 0:00,1.17,0,0,0,0,15848.85,organic,2021,Birmingham/Montgomery
08/08/2021 0:00,1.12,"147,867.73",126092.91,21762.97,11.86,57918.55,conventional,2021,Birmingham/Montgomery
01/08/2021 0:00,1.1,"152,344.30",133485.09,18845.04,14.17,56837.24,conventional,2021,Birmingham/Montgomery
25/07/2021 0:00,0.96,"160,363.02",140379.92,19956.37,26.72,88686.72,conventional,2021,Birmingham/Montgomery
18/07/2021 0:00,0.94,"154,344.60",140569.59,13748.47,26.54,102593.55,conventional,2021,Birmingham/Montgomery
08/08/2021 0:00,1.41,226.15,37.09,189.06,0,8488.07,organic,2021,Birmingham/Montgomery
01/08/2021 0:00,1.44,243.25,28.19,215.07,0,9475.48,organic,2021,Birmingham/Montgomery
25/07/2021 0:00,1.38,183.77,18.66,165.11,0,9518.71,organic,2021,Birmingham/Montgomery
18/07/2021 0:00,1.39,261.18,34.14,227.04,0,9306.87,organic,2021,Birmingham/Montgomery
05/09/2021 0:00,1.08,"145,225.96",130790.61,14394.7,40.64,86354.78,conventional,2021,Birmingham/Montgomery
29/08/2021 0:00,1.03,"144,449.92",130540.45,13900.49,8.98,88387.5,conventional,2021,Birmingham/Montgomery
22/08/2021 0:00,1.03,"139,842.53",125162.4,14662.13,17.99,90999.57,conventional,2021,Birmingham/Montgomery
15/08/2021 0:00,1.07,"143,167.35",125647.97,17493.3,26.07,77064.03,conventional,2021,Birmingham/Montgomery
05/09/2021 0:00,1.41,351.75,37.45,314.31,0,13755.55,organic,2021,Birmingham/Montgomery
29/08/2021 0:00,1.44,296.83,52.06,244.77,0,11802.57,organic,2021,Birmingham/Montgomery
22/08/2021 0:00,1.54,360.04,36.08,323.96,0,12373.46,organic,2021,Birmingham/Montgomery
15/08/2021 0:00,1.4,236.85,13.81,223.03,0,13632.41,organic,2021,Birmingham/Montgomery
03/10/2021 0:00,1.07,"158,970.17",148125.66,10822.31,22.2,85760.29,conventional,2021,Birmingham/Montgomery
26/09/2021 0:00,1.12,"128,023.17",115363.08,12646.4,13.7,101203.41,conventional,2021,Birmingham/Montgomery
19/09/2021 0:00,1.1,"143,076.15",131243.99,11811.86,20.3,93787.51,conventional,2021,Birmingham/Montgomery
12/09/2021 0:00,1.06,"134,274.08",123262.74,10993.38,17.96,94084.15,conventional,2021,Birmingham/Montgomery
03/10/2021 0:00,1.52,294.9,36.3,258.6,0,7812.7,organic,2021,Birmingham/Montgomery
26/09/2021 0:00,1.58,214.99,21.22,193.77,0,8731.21,organic,2021,Birmingham/Montgomery
19/09/2021 0:00,1.54,257.67,29.74,227.93,0,11724.64,organic,2021,Birmingham/Montgomery
12/09/2021 0:00,1.35,363.64,46.28,317.35,0,12036.72,organic,2021,Birmingham/Montgomery
31/10/2021 0:00,1.02,"123,683.45",117624.94,6033.03,25.47,72802.25,conventional,2021,Birmingham/Montgomery
24/10/2021 0:00,1.03,"134,077.13",127551.76,6310.9,214.48,74279.03,conventional,2021,Birmingham/Montgomery
17/10/2021 0:00,1.03,"129,883.36",122661.31,7208.82,13.23,78082.17,conventional,2021,Birmingham/Montgomery
10/10/2021 0:00,1.1,"158,695.13",150384.76,8285.84,24.54,75673.45,conventional,2021,Birmingham/Montgomery
31/10/2021 0:00,1.37,279.89,45.74,234.14,0,9957.91,organic,2021,Birmingham/Montgomery
24/10/2021 0:00,1.58,242.35,57.53,184.82,0,7461.37,organic,2021,Birmingham/Montgomery
17/10/2021 0:00,1.48,271.49,25.89,245.6,0,7800.39,organic,2021,Birmingham/Montgomery
10/10/2021 0:00,1.32,168.11,19.78,148.32,0,10116.22,organic,2021,Birmingham/Montgomery
28/11/2021 0:00,1.01,"121,139.30",116276.64,4837.61,25.05,55432.27,conventional,2021,Birmingham/Montgomery
21/11/2021 0:00,1.05,"112,422.59",106750.24,5654.39,17.95,66948.64,conventional,2021,Birmingham/Montgomery
14/11/2021 0:00,1.02,"122,896.68",117902.32,4985.86,8.5,72468.48,conventional,2021,Birmingham/Montgomery
07/11/2021 0:00,1.08,"118,603.59",113499.47,5065.39,38.74,75042.31,conventional,2021,Birmingham/Montgomery
28/11/2021 0:00,1.55,261.01,78,183.01,0,6243.71,organic,2021,Birmingham/Montgomery
21/11/2021 0:00,1.56,256.28,87.46,168.82,0,7492.49,organic,2021,Birmingham/Montgomery
14/11/2021 0:00,1.39,189.31,74.6,114.71,0,10018.63,organic,2021,Birmingham/Montgomery
07/11/2021 0:00,1.51,304.57,65.57,239,0,7623.92,organic,2021,Birmingham/Montgomery
26/12/2021 0:00,0.97,"133,076.85",127487.65,5568.85,20.34,65882.03,conventional,2021,Birmingham/Montgomery
19/12/2021 0:00,1.02,"114,737.06",109047.58,5665.83,23.64,70086.76,conventional,2021,Birmingham/Montgomery
12/12/2021 0:00,1.01,"126,237.33",119991.07,6182.4,63.86,71056.53,conventional,2021,Birmingham/Montgomery
05/12/2021 0:00,1.01,"121,778.05",116554.19,5218.64,5.22,69537.48,conventional,2021,Birmingham/Montgomery
26/12/2021 0:00,1.57,194.04,67.15,126.89,0,7946.83,organic,2021,Birmingham/Montgomery
19/12/2021 0:00,1.56,193.09,37.56,155.53,0,7695.24,organic,2021,Birmingham/Montgomery
12/12/2021 0:00,1.57,267.55,69.03,198.52,0,8118.59,organic,2021,Birmingham/Montgomery
05/12/2021 0:00,1.51,261.64,86.29,175.35,0,7818.06,organic,2021,Birmingham/Montgomery
04/01/2021 0:00,0.87,"55,795.61",39164.12,15398.73,1232.75,29772.49,conventional,2021,Boise
04/01/2021 0:00,1.62,"1,018.56",4.57,1013.99,0,1711.5,organic,2021,Boise
10/01/2021 0:00,1.03,"52,516.60",39036.24,12242.59,1237.77,33466.97,conventional,2021,Boise
10/01/2021 0:00,1.65,843.93,9.7,834.24,0,2074.8,organic,2021,Boise
17/01/2021 0:00,1.01,"44,088.50",31406.53,11615.09,1066.88,31039.18,conventional,2021,Boise
17/01/2021 0:00,1.59,696.93,16.54,680.38,0,1843.8,organic,2021,Boise
24/01/2021 0:00,0.93,"48,981.64",37692.03,10318.89,970.73,29382.35,conventional,2021,Boise
24/01/2021 0:00,1.6,648.08,11.73,636.35,0,1695.75,organic,2021,Boise
31/01/2021 0:00,1.12,"42,451.74",35640.8,5758.01,1052.93,30207.34,conventional,2021,Boise
31/01/2021 0:00,1.73,825.42,11.29,814.13,0,1633.8,organic,2021,Boise
07/02/2021 0:00,0.93,"50,238.87",38976.88,10239.85,1022.14,30685.82,conventional,2021,Boise
07/02/2021 0:00,1.31,"1,046.83",13.73,1033.09,0,1482.6,organic,2021,Boise
14/02/2021 0:00,1.01,"46,862.86",37421.85,8480.8,960.2,29790.23,conventional,2021,Boise
14/02/2021 0:00,1.66,726.06,13.96,712.1,0,1558.2,organic,2021,Boise
21/02/2021 0:00,0.89,"46,924.18",37208.6,8797.37,918.21,28432.97,conventional,2021,Boise
21/02/2021 0:00,1.61,710.62,16.98,693.64,0,1865.85,organic,2021,Boise
28/02/2021 0:00,1.03,"44,870.45",35141.98,8981.6,746.87,30063.32,conventional,2021,Boise
28/02/2021 0:00,1.65,904.69,10.39,894.29,0,1725.15,organic,2021,Boise
07/03/2021 0:00,0.94,"46,771.41",35837.83,10030,903.58,30783.67,conventional,2021,Boise
07/03/2021 0:00,1.66,951.13,0,951.14,0,1899.45,organic,2021,Boise
14/03/2021 0:00,1.11,"47,638.57",35054.61,11659.4,924.57,30785.37,conventional,2021,Boise
14/03/2021 0:00,1.68,785.93,5.67,780.26,0,1846.95,organic,2021,Boise
21/03/2021 0:00,1.11,"44,701.07",33607.98,10000.62,1092.48,29399.13,conventional,2021,Boise
21/03/2021 0:00,1.62,798.4,3.37,792.6,2.43,1832.91,organic,2021,Boise
28/03/2021 0:00,1.08,"41,497.42",30494.91,10195.31,807.21,30888.3,conventional,2021,Boise
28/03/2021 0:00,1.71,"1,066.91",0.94,1065.96,0,1894.2,organic,2021,Boise
04/04/2021 0:00,1.33,"40,276.91",31328.82,7883.86,1064.23,36450.86,conventional,2021,Boise
04/04/2021 0:00,2.02,845.92,0.94,843.76,1.21,1177.05,organic,2021,Boise
11/04/2021 0:00,1.36,"36,835.75",31380.37,4413.7,1041.68,33172.22,conventional,2021,Boise
11/04/2021 0:00,1.98,"1,214.27",5.67,1200.13,8.47,1773.45,organic,2021,Boise
18/04/2021 0:00,1.22,"36,543.20",31493.19,4110.1,939.92,48239.54,conventional,2021,Boise
18/04/2021 0:00,2.02,805.16,2.84,799.9,2.42,1660.05,organic,2021,Boise
25/04/2021 0:00,1.31,"33,536.19",27950.15,4416.19,1169.85,34898.8,conventional,2021,Boise
25/04/2021 0:00,2.27,856.93,4.83,852.11,0,1769.91,organic,2021,Boise
02/05/2021 0:00,1.2,"33,909.55",27209.2,5438.84,1261.51,45801.18,conventional,2021,Boise
02/05/2021 0:00,2.03,892.22,0,891.01,1.21,1732.5,organic,2021,Boise
09/05/2021 0:00,1.31,"37,879.14",28671.21,7665.69,1542.24,33746.89,conventional,2021,Boise
09/05/2021 0:00,1.84,919.96,1.22,918.75,0,1606.5,organic,2021,Boise
16/05/2021 0:00,1.32,"33,601.26",27119.01,5446,1036.25,31187.77,conventional,2021,Boise
16/05/2021 0:00,2.3,604.47,1.21,603.26,0,1442.7,organic,2021,Boise
13/06/2021 0:00,1.36,"31,697.09",22376.93,8318.21,1001.95,31407.55,conventional,2021,Boise
06/06/2021 0:00,1.17,"34,397.74",26739.13,6547.9,1110.71,30298.85,conventional,2021,Boise
30/05/2021 0:00,1.28,"31,761.57",23950.87,6849.44,961.25,37439.66,conventional,2021,Boise
23/05/2021 0:00,1.21,"30,960.39",25494.88,4555.13,910.38,41572.23,conventional,2021,Boise
13/06/2021 0:00,2.11,569.94,0,569.94,0,1549.41,organic,2021,Boise
06/06/2021 0:00,2.16,629.37,0,628.16,1.21,1440.6,organic,2021,Boise
30/05/2021 0:00,2.27,582.99,0,580.56,2.42,1157.1,organic,2021,Boise
23/05/2021 0:00,2.25,630.64,0,630.63,0,1373.4,organic,2021,Boise
11/07/2021 0:00,1.1,"39,888.84",32261.53,6756.21,871.1,27350.6,conventional,2021,Boise
04/07/2021 0:00,1.29,"37,880.53",26806.25,9908.45,1165.83,34691.95,conventional,2021,Boise
27/06/2021 0:00,1.22,"35,115.56",24954.27,9205.43,955.86,33803.15,conventional,2021,Boise
20/06/2021 0:00,1.35,"33,907.36",24128.21,8776.09,1003.06,31549.35,conventional,2021,Boise
11/07/2021 0:00,1.92, -   ,0,0,0,4033.6,organic,2021,Boise
04/07/2021 0:00,2.01,0.01,0,0,0,2673.23,organic,2021,Boise
27/06/2021 0:00,2.12, -   ,0,0,0,1439.06,organic,2021,Boise
20/06/2021 0:00,2.02, -   ,0,0,0,1486.8,organic,2021,Boise
08/08/2021 0:00,1.21,"32,024.56",21618.16,9529.34,877.06,34543.32,conventional,2021,Boise
01/08/2021 0:00,1.22,"32,690.06",21579.37,10183.32,927.39,32252.52,conventional,2021,Boise
25/07/2021 0:00,1.22,"34,999.19",23962.08,10052.83,984.28,30360.95,conventional,2021,Boise
18/07/2021 0:00,1.22,"31,565.87",24985.13,5640.96,939.78,32297,conventional,2021,Boise
08/08/2021 0:00,1.98,644.96,33.15,611.82,0,2242.83,organic,2021,Boise
01/08/2021 0:00,2.04,569.06,7.26,561.81,0,2230.03,organic,2021,Boise
25/07/2021 0:00,1.99,461.34,8.47,452.86,0,2549.14,organic,2021,Boise
18/07/2021 0:00,1.91,438.25,6.05,432.19,0,2935.88,organic,2021,Boise
05/09/2021 0:00,1.15,"34,616.19",24458.91,8868.24,1289.04,29580.04,conventional,2021,Boise
29/08/2021 0:00,1.07,"36,175.15",25081.15,9994.13,1099.87,29288.15,conventional,2021,Boise
22/08/2021 0:00,1.25,"35,055.73",27353.21,6577.49,1125.04,33088.31,conventional,2021,Boise
15/08/2021 0:00,1.23,"34,094.20",23206.07,9856.36,1031.76,33599.2,conventional,2021,Boise
05/09/2021 0:00,1.99,609.22,12.68,596.55,0,2216.39,organic,2021,Boise
29/08/2021 0:00,1.91,576.74,5.29,571.44,0,2738.4,organic,2021,Boise
22/08/2021 0:00,1.98,427.35,2.84,424.5,0,2782.26,organic,2021,Boise
15/08/2021 0:00,1.88,539.39,20.26,519.14,0,2695.54,organic,2021,Boise
03/10/2021 0:00,1.39,"31,423.04",26334.17,4235.15,853.71,29729.12,conventional,2021,Boise
26/09/2021 0:00,1.31,"30,247.75",24492.31,5068.94,686.5,29129.49,conventional,2021,Boise
19/09/2021 0:00,1.24,"27,296.74",21947.46,4675.66,673.64,24588.33,conventional,2021,Boise
12/09/2021 0:00,0.99,"29,505.76",24464.87,4303.64,737.25,30739.84,conventional,2021,Boise
03/10/2021 0:00,1.96,624.46,8.51,615.95,0,2842.81,organic,2021,Boise
26/09/2021 0:00,1.96,788.83,16.47,772.36,0,2427.09,organic,2021,Boise
19/09/2021 0:00,2.07,811.52,17.3,794.22,0,2762.41,organic,2021,Boise
12/09/2021 0:00,1.98,668.79,12.77,656.02,0,2605.76,organic,2021,Boise
31/10/2021 0:00,1.1,"33,397.59",29045.79,3485,866.79,25191.28,conventional,2021,Boise
24/10/2021 0:00,1.35,"29,894.80",25534.74,3528.68,831.38,25879.33,conventional,2021,Boise
17/10/2021 0:00,1.18,"33,361.59",28391.75,4340.35,629.5,26299.54,conventional,2021,Boise
10/10/2021 0:00,1.29,"29,523.31",23758.34,4630.81,1134.17,35303.95,conventional,2021,Boise
31/10/2021 0:00,2.02,619.04,6.25,611.56,1.23,2312.72,organic,2021,Boise
24/10/2021 0:00,1.88,561.1,8.51,552.61,0,2878.49,organic,2021,Boise
17/10/2021 0:00,1.9,643.96,14.18,628.55,1.23,2777.52,organic,2021,Boise
10/10/2021 0:00,2.14,558.82,2.83,555.99,0,2458.04,organic,2021,Boise
28/11/2021 0:00,1.31,"22,183.65",18867.44,2642.77,673.44,21002,conventional,2021,Boise
21/11/2021 0:00,1.37,"24,864.71",17815.18,6314.63,734.9,20907.14,conventional,2021,Boise
14/11/2021 0:00,1.03,"34,874.47",24368.78,9728.49,777.2,27003.88,conventional,2021,Boise
07/11/2021 0:00,1.28,"31,254.01",25362.21,3892.69,1999.11,30672.57,conventional,2021,Boise
28/11/2021 0:00,2,577.65,20.04,557.61,0,2201.54,organic,2021,Boise
21/11/2021 0:00,1.86,460.1,0.94,459.16,0,2953.16,organic,2021,Boise
14/11/2021 0:00,1.85,535.96,10.02,524.7,1.23,2812.85,organic,2021,Boise
07/11/2021 0:00,2.03,578.63,2.18,576.45,0,2576.02,organic,2021,Boise
26/12/2021 0:00,1.3,"24,465.40",20008.05,3786.35,671.01,26962.01,conventional,2021,Boise
19/12/2021 0:00,1.33,"21,871.36",17364.04,3687.26,820.05,28816.77,conventional,2021,Boise
12/12/2021 0:00,1.08,"28,519.43",24393.63,3442,683.8,25337.5,conventional,2021,Boise
05/12/2021 0:00,1.27,"26,405.65",22449.2,3293.74,662.72,26715.97,conventional,2021,Boise
26/12/2021 0:00,2.14,428.87,3.78,425.09,0,2615.48,organic,2021,Boise
19/12/2021 0:00,2.17,525.52,0.94,524.57,0,2607.5,organic,2021,Boise
12/12/2021 0:00,2.06,472.74,5.01,467.73,0,2542.37,organic,2021,Boise
05/12/2021 0:00,1.87,744.25,4.06,740.18,0,2754.82,organic,2021,Boise
04/01/2021 0:00,1.27,"386,944.61",14642.26,372121.22,181.13,154109.93,conventional,2021,Boston
04/01/2021 0:00,1.74,"3,535.60",67.84,3467.76,0,24877.07,organic,2021,Boston
10/01/2021 0:00,1.3,"388,251.86",16845.69,371302.52,103.66,170571.56,conventional,2021,Boston
10/01/2021 0:00,1.8,"2,063.91",163.5,1900.42,0,35391.81,organic,2021,Boston
17/01/2021 0:00,1.26,"410,606.63",18264.26,392203.5,138.87,258091.01,conventional,2021,Boston
17/01/2021 0:00,1.86,"1,855.27",164.05,1691.22,0,33951.18,organic,2021,Boston
24/01/2021 0:00,1.26,"438,065.47",17071.62,420881.03,112.82,192627.05,conventional,2021,Boston
24/01/2021 0:00,1.65,"1,988.43",100.14,1888.3,0,45394.72,organic,2021,Boston
31/01/2021 0:00,1.34,"400,232.88",17252.3,382844.66,135.91,185885.64,conventional,2021,Boston
31/01/2021 0:00,1.8,"2,436.01",62.85,2373.16,0,35313.91,organic,2021,Boston
07/02/2021 0:00,1.21,"490,379.69",17931.79,472262.42,185.48,187797,conventional,2021,Boston
07/02/2021 0:00,1.63,"2,510.63",231.25,2279.37,0,43882.93,organic,2021,Boston
14/02/2021 0:00,1.13,"456,696.65",19192.56,437385.33,118.75,162563.7,conventional,2021,Boston
14/02/2021 0:00,1.75,"2,159.18",114.59,2044.59,0,35049.74,organic,2021,Boston
21/02/2021 0:00,1.28,"402,647.34",17194.67,385264.53,188.15,160942.66,conventional,2021,Boston
21/02/2021 0:00,1.68,"2,287.76",158.81,2128.94,0,36984.58,organic,2021,Boston
28/02/2021 0:00,1.37,"379,778.55",14917.8,364693.41,167.33,171131.25,conventional,2021,Boston
28/02/2021 0:00,1.68,"2,249.30",56.04,2193.26,0,41689.14,organic,2021,Boston
07/03/2021 0:00,1.3,"414,866.37",16868.47,397810.22,187.68,182515.35,conventional,2021,Boston
07/03/2021 0:00,1.85,"2,802.49",36.29,2766.19,0,36181.84,organic,2021,Boston
14/03/2021 0:00,1.28,"402,717.95",15191.56,387356.82,169.57,172811.8,conventional,2021,Boston
14/03/2021 0:00,1.87,"2,017.42",64.7,1952.72,0,34151.52,organic,2021,Boston
21/03/2021 0:00,1.39,"410,150.91",16230.64,393430.11,490.16,174749.82,conventional,2021,Boston
21/03/2021 0:00,1.86,"1,625.49",67.07,1558.41,0,36206.4,organic,2021,Boston
28/03/2021 0:00,1.35,"408,552.93",21559.19,386784.55,209.2,205325.58,conventional,2021,Boston
28/03/2021 0:00,1.91,"2,144.48",67.33,2077.15,0,31224.69,organic,2021,Boston
04/04/2021 0:00,1.43,"420,386.76",26074.78,394153.93,158.06,199568.4,conventional,2021,Boston
04/04/2021 0:00,1.98,"1,567.55",57.63,1509.91,0,33728.29,organic,2021,Boston
11/04/2021 0:00,1.45,"415,478.52",30109.07,385169.86,199.6,175646.25,conventional,2021,Boston
11/04/2021 0:00,1.99,"2,440.44",68.21,2372.23,0,33342.68,organic,2021,Boston
18/04/2021 0:00,1.46,"432,056.98",27984.9,403783.94,288.15,173328.35,conventional,2021,Boston
18/04/2021 0:00,1.98,"1,649.45",38.71,1610.73,0,36312.07,organic,2021,Boston
25/04/2021 0:00,1.47,"408,938.79",26961.88,381864.19,112.73,167426.53,conventional,2021,Boston
25/04/2021 0:00,1.99,"1,907.57",71.73,1835.83,0,33623.53,organic,2021,Boston
02/05/2021 0:00,1.49,"426,627.07",26284.72,400116.34,226.01,152901.28,conventional,2021,Boston
02/05/2021 0:00,2.02,"2,302.44",34.11,2268.32,0,36655.03,organic,2021,Boston
09/05/2021 0:00,1.34,"478,053.80",39270.8,438505.06,277.94,121773.29,conventional,2021,Boston
09/05/2021 0:00,2.04,"2,084.71",60.69,2024.02,0,35105.8,organic,2021,Boston
16/05/2021 0:00,1.47,"393,240.50",29567.74,363421.42,251.34,122809.53,conventional,2021,Boston
16/05/2021 0:00,2.03,"1,854.98",41.9,1810.03,3.04,31366.1,organic,2021,Boston
13/06/2021 0:00,1.42,"403,285.27",30545.83,372584.2,155.23,160226.3,conventional,2021,Boston
06/06/2021 0:00,1.41,"418,240.61",35230.93,382873.84,135.85,158327.96,conventional,2021,Boston
30/05/2021 0:00,1.52,"413,858.03",31278.36,382477.28,102.39,160269.81,conventional,2021,Boston
23/05/2021 0:00,1.35,"413,906.58",29838,383954.6,113.98,178152.64,conventional,2021,Boston
13/06/2021 0:00,2.05,"2,102.54",120.31,1982.24,0,30302.55,organic,2021,Boston
06/06/2021 0:00,2.02,"1,909.82",132.06,1777.76,0,31157.66,organic,2021,Boston
30/05/2021 0:00,2.03,"2,587.71",135.94,2451.76,0,31576.76,organic,2021,Boston
23/05/2021 0:00,2.01,"1,840.71",108.58,1732.13,0,31969.42,organic,2021,Boston
11/07/2021 0:00,1.48,"378,807.87",33455.73,345279.23,72.92,168189.8,conventional,2021,Boston
04/07/2021 0:00,1.5,"384,845.22",32445.5,352357.76,41.97,155438.21,conventional,2021,Boston
27/06/2021 0:00,1.47,"406,273.37",38141.66,368055.12,76.59,141909.48,conventional,2021,Boston
20/06/2021 0:00,1.53,"394,202.28",30906.69,363144.57,151.02,142633.02,conventional,2021,Boston
11/07/2021 0:00,2.05,-0.01,0,0,0,27615.22,organic,2021,Boston
04/07/2021 0:00,2.02, -   ,0,0,0,27351.59,organic,2021,Boston
27/06/2021 0:00,2.09,0,0,0,0,27028.07,organic,2021,Boston
20/06/2021 0:00,1.97,0,0,0,0,30387.6,organic,2021,Boston
08/08/2021 0:00,1.45,"394,553.49",28411.66,366070.81,71.02,145573.47,conventional,2021,Boston
01/08/2021 0:00,1.48,"349,791.55",28069.92,321637.02,84.6,147884.1,conventional,2021,Boston
25/07/2021 0:00,1.5,"362,841.80",31291.19,331455.24,95.36,139267.81,conventional,2021,Boston
18/07/2021 0:00,1.49,"368,295.93",33030.53,335186.64,78.75,157746.04,conventional,2021,Boston
08/08/2021 0:00,2.08,"2,201.69",133.41,2068.28,0,29081.04,organic,2021,Boston
01/08/2021 0:00,2.08,"2,100.18",187.97,1910.67,1.53,30066.28,organic,2021,Boston
25/07/2021 0:00,2.06,"2,426.46",117.45,2309,0,28838.92,organic,2021,Boston
18/07/2021 0:00,2.06,"2,339.71",198.4,2141.31,0,28263.68,organic,2021,Boston
05/09/2021 0:00,1.35,"333,227.90",24870.29,308280.26,77.35,144211.93,conventional,2021,Boston
29/08/2021 0:00,1.3,"348,937.13",24158.47,324720.82,57.84,148281.18,conventional,2021,Boston
22/08/2021 0:00,1.46,"377,495.64",20725.58,356689.69,80.38,156172.64,conventional,2021,Boston
15/08/2021 0:00,1.49,"348,286.29",20996.55,327249.95,39.8,154674.24,conventional,2021,Boston
05/09/2021 0:00,1.94,"1,697.77",215.82,1481.94,0,33815.96,organic,2021,Boston
29/08/2021 0:00,1.9,"2,312.91",546.63,1766.28,0,32631.86,organic,2021,Boston
22/08/2021 0:00,1.86,"2,049.79",241.63,1808.15,0,32569.7,organic,2021,Boston
15/08/2021 0:00,1.83,"1,763.89",151.05,1612.84,0,31594.61,organic,2021,Boston
03/10/2021 0:00,1.52,"329,614.00",90264.48,239285.89,63.62,133261.32,conventional,2021,Boston
26/09/2021 0:00,1.53,"294,705.82",77039.33,217651.46,15.02,139147.72,conventional,2021,Boston
19/09/2021 0:00,1.48,"295,566.20",67662.88,227877.3,26.01,137540.56,conventional,2021,Boston
12/09/2021 0:00,1.46,"287,843.38",28398.85,259392.36,52.16,137481.39,conventional,2021,Boston
03/10/2021 0:00,1.86,"1,945.22",98.11,1847.11,0,28897.41,organic,2021,Boston
26/09/2021 0:00,1.87,"1,699.53",128.3,1571.23,0,29931.63,organic,2021,Boston
19/09/2021 0:00,1.92,"2,226.19",113.77,2112.41,0,32995.91,organic,2021,Boston
12/09/2021 0:00,1.87,"2,178.47",144.87,2033.61,0,35972.27,organic,2021,Boston
31/10/2021 0:00,1.53,"319,036.43",100631.81,218332.18,72.43,129795.28,conventional,2021,Boston
24/10/2021 0:00,1.57,"319,935.09",111372.63,208516.46,46.01,128244.91,conventional,2021,Boston
17/10/2021 0:00,1.55,"321,377.72",103812.95,217522.53,42.25,138418.89,conventional,2021,Boston
10/10/2021 0:00,1.58,"322,428.89",97003.66,225310.36,114.87,134761.81,conventional,2021,Boston
31/10/2021 0:00,1.9,"1,794.18",157.23,1636.95,0,27812.65,organic,2021,Boston
24/10/2021 0:00,1.95,"1,803.25",102.15,1701.11,0,29279.89,organic,2021,Boston
17/10/2021 0:00,1.89,"2,356.97",165.62,2188.28,3.08,28937.44,organic,2021,Boston
10/10/2021 0:00,1.9,"1,886.95",96.2,1790.74,0,28201.71,organic,2021,Boston
28/11/2021 0:00,1.53,"261,681.20",37078.28,224541.04,61.87,112083.81,conventional,2021,Boston
21/11/2021 0:00,1.49,"289,717.06",42667.61,246907.07,142.38,146384.14,conventional,2021,Boston
14/11/2021 0:00,1.35,"309,326.27",49395.3,259799.98,130.99,250345.66,conventional,2021,Boston
07/11/2021 0:00,1.47,"321,695.92",64351.06,257278.86,66.01,134904.97,conventional,2021,Boston
28/11/2021 0:00,1.9,"1,371.71",189.93,1181.78,0,23462.8,organic,2021,Boston
21/11/2021 0:00,1.87,"1,452.84",195.87,1256.96,0,28274.4,organic,2021,Boston
14/11/2021 0:00,1.9,"1,918.40",157.3,1761.1,0,29611.55,organic,2021,Boston
07/11/2021 0:00,1.87,"1,842.90",249.59,1593.31,0,30462.1,organic,2021,Boston
26/12/2021 0:00,1.59,"312,786.15",42675.47,270053.87,56.81,121155.26,conventional,2021,Boston
19/12/2021 0:00,1.54,"314,544.75",39899.93,274609.87,34.95,134712.2,conventional,2021,Boston
12/12/2021 0:00,1.53,"313,719.77",42324.27,271349.14,46.36,133945.07,conventional,2021,Boston
05/12/2021 0:00,1.47,"332,674.25",57173.07,275430.89,70.29,130482.81,conventional,2021,Boston
26/12/2021 0:00,1.87,"1,803.97",40.87,1763.11,0,25864.94,organic,2021,Boston
19/12/2021 0:00,1.8,"1,648.54",76.15,1572.39,0,28173.32,organic,2021,Boston
12/12/2021 0:00,1.82,"1,445.60",109.91,1334.15,1.53,28211.28,organic,2021,Boston
05/12/2021 0:00,1.82,"1,638.70",110.68,1528.02,0,27889.56,organic,2021,Boston
04/01/2021 0:00,1.01,"93,057.99",30482.25,60773.43,1802.31,104365.56,conventional,2021,Buffalo/Rochester
04/01/2021 0:00,1.51,965.23,826.08,133.58,5.57,10923.16,organic,2021,Buffalo/Rochester
10/01/2021 0:00,1.02,"88,489.90",22688.46,63209.55,2591.89,127677.98,conventional,2021,Buffalo/Rochester
10/01/2021 0:00,1.53,"1,163.67",1017.84,140.26,5.57,19334.74,organic,2021,Buffalo/Rochester
17/01/2021 0:00,1.04,"90,807.72",26379.23,61705.85,2722.64,134299.86,conventional,2021,Buffalo/Rochester
17/01/2021 0:00,1.65,"1,076.86",977.88,88.97,10.01,14776.56,organic,2021,Buffalo/Rochester
24/01/2021 0:00,1.01,"100,369.83",35674.49,62397.8,2297.54,119059.12,conventional,2021,Buffalo/Rochester
24/01/2021 0:00,1.62,"1,273.32",1141.98,131.35,0,13997.6,organic,2021,Buffalo/Rochester
31/01/2021 0:00,1.04,"81,043.00",19427.66,59316.08,2299.26,129829.73,conventional,2021,Buffalo/Rochester
31/01/2021 0:00,1.53,956.36,821.81,132.33,2.22,14913.57,organic,2021,Buffalo/Rochester
07/02/2021 0:00,1.04,"109,438.08",40127.34,67014.68,2296.07,119697.43,conventional,2021,Buffalo/Rochester
07/02/2021 0:00,1.53,"1,175.57",1043.13,127.99,4.45,17786.9,organic,2021,Buffalo/Rochester
14/02/2021 0:00,1.05,"80,539.46",20076,58132.84,2330.63,113043.13,conventional,2021,Buffalo/Rochester
14/02/2021 0:00,1.56,912.29,814.46,88.93,8.89,13455.99,organic,2021,Buffalo/Rochester
21/02/2021 0:00,1.09,"79,129.48",18467.56,58248.64,2413.28,105122.05,conventional,2021,Buffalo/Rochester
21/02/2021 0:00,1.57,"1,020.96",868.53,142.43,10.01,16172.54,organic,2021,Buffalo/Rochester
28/02/2021 0:00,1.1,"85,958.94",22493.01,61011.12,2454.81,107149.15,conventional,2021,Buffalo/Rochester
28/02/2021 0:00,1.52,"1,016.75",922.26,86.71,7.78,16984.81,organic,2021,Buffalo/Rochester
07/03/2021 0:00,1.15,"83,525.21",19731.68,61193.1,2600.43,109922.69,conventional,2021,Buffalo/Rochester
07/03/2021 0:00,1.53,962.63,858.02,101.27,3.34,16009.6,organic,2021,Buffalo/Rochester
14/03/2021 0:00,1.15,"90,797.94",24861.75,63491.16,2445.03,105952.95,conventional,2021,Buffalo/Rochester
14/03/2021 0:00,1.53,848.29,732.14,112.81,3.33,15541.56,organic,2021,Buffalo/Rochester
21/03/2021 0:00,1.16,"82,034.61",20195.01,59059.72,2779.88,109415.17,conventional,2021,Buffalo/Rochester
21/03/2021 0:00,1.49,878.19,750.26,122.37,5.56,15994.15,organic,2021,Buffalo/Rochester
28/03/2021 0:00,1.17,"92,718.09",30749.26,59684.75,2284.07,109317.18,conventional,2021,Buffalo/Rochester
28/03/2021 0:00,1.46,"1,016.09",899.14,116.95,0,14474.07,organic,2021,Buffalo/Rochester
04/04/2021 0:00,1.21,"83,604.21",18967.72,62020.91,2615.58,115320.42,conventional,2021,Buffalo/Rochester
04/04/2021 0:00,1.48,931.57,838.24,88.89,4.44,15206.6,organic,2021,Buffalo/Rochester
11/04/2021 0:00,1.22,"80,092.05",20644.87,57342.29,2104.89,104259.23,conventional,2021,Buffalo/Rochester
11/04/2021 0:00,1.46,926.1,846.51,76.26,3.33,14790.47,organic,2021,Buffalo/Rochester
18/04/2021 0:00,1.21,"88,552.22",19781.13,66232.5,2538.58,124985.54,conventional,2021,Buffalo/Rochester
18/04/2021 0:00,1.48,"1,216.16",1091.69,121.13,3.33,18372.78,organic,2021,Buffalo/Rochester
25/04/2021 0:00,1.22,"84,118.75",18753.42,62203.87,3161.47,115488.28,conventional,2021,Buffalo/Rochester
25/04/2021 0:00,1.59,"1,076.43",945.32,126.66,4.44,14941.55,organic,2021,Buffalo/Rochester
02/05/2021 0:00,1.24,"81,030.17",18563.91,59375.42,3090.83,116567.83,conventional,2021,Buffalo/Rochester
02/05/2021 0:00,1.64,"1,104.28",968.73,132.22,3.33,14919.65,organic,2021,Buffalo/Rochester
09/05/2021 0:00,1.26,"93,308.57",25298.86,64974.27,3035.44,120770.19,conventional,2021,Buffalo/Rochester
09/05/2021 0:00,1.57,"1,243.43",1116.66,125.66,1.11,16132.94,organic,2021,Buffalo/Rochester
16/05/2021 0:00,1.24,"75,934.67",17250.91,55663.9,3019.85,107601.18,conventional,2021,Buffalo/Rochester
16/05/2021 0:00,1.6,"1,079.01",970.08,106.71,2.22,13655.72,organic,2021,Buffalo/Rochester
13/06/2021 0:00,1.21,"86,509.41",20155.72,63130.33,3223.36,118153.25,conventional,2021,Buffalo/Rochester
06/06/2021 0:00,1.23,"83,895.45",20979.78,60565.87,2349.79,111070.92,conventional,2021,Buffalo/Rochester
30/05/2021 0:00,1.21,"93,060.08",25652.01,64495.82,2912.25,114674.35,conventional,2021,Buffalo/Rochester
23/05/2021 0:00,1.21,"81,254.25",19175.48,58703.32,3375.45,119885.66,conventional,2021,Buffalo/Rochester
13/06/2021 0:00,1.61,"1,610.84",1072.4,532.89,5.55,8361.97,organic,2021,Buffalo/Rochester
06/06/2021 0:00,1.46,"1,314.56",1125.83,182.07,6.66,12180,organic,2021,Buffalo/Rochester
30/05/2021 0:00,1.41,"1,219.52",1012.74,202.34,4.45,13055.76,organic,2021,Buffalo/Rochester
23/05/2021 0:00,1.53,"1,108.05",992.41,113.42,2.22,16026.18,organic,2021,Buffalo/Rochester
11/07/2021 0:00,1.2,"74,606.06",19763,51850.62,2992.44,92440.68,conventional,2021,Buffalo/Rochester
04/07/2021 0:00,1.2,"80,855.15",27689.7,50265.76,2899.69,106557.24,conventional,2021,Buffalo/Rochester
27/06/2021 0:00,1.25,"74,134.51",20805.24,50626.73,2702.54,89901.31,conventional,2021,Buffalo/Rochester
20/06/2021 0:00,1.2,"83,470.54",26143.86,54053.53,3273.14,110260.76,conventional,2021,Buffalo/Rochester
11/07/2021 0:00,1.75, -   ,0,0,0,9407.57,organic,2021,Buffalo/Rochester
04/07/2021 0:00,1.64, -   ,0,0,0,11858.24,organic,2021,Buffalo/Rochester
27/06/2021 0:00,1.7, -   ,0,0,0,10627.47,organic,2021,Buffalo/Rochester
20/06/2021 0:00,1.59, -   ,0,0,0,10779.59,organic,2021,Buffalo/Rochester
08/08/2021 0:00,1.13,"68,541.75",20086.51,46342.01,2113.23,94871.47,conventional,2021,Buffalo/Rochester
01/08/2021 0:00,1.04,"80,394.53",32259.64,45928.48,2206.42,102058.08,conventional,2021,Buffalo/Rochester
25/07/2021 0:00,1.18,"71,181.04",22470.63,46744.51,1965.9,90853.45,conventional,2021,Buffalo/Rochester
18/07/2021 0:00,1.19,"72,413.55",18431.17,51221.99,2760.4,97185.57,conventional,2021,Buffalo/Rochester
08/08/2021 0:00,1.68,"1,112.35",957.2,155.15,0,12520.15,organic,2021,Buffalo/Rochester
01/08/2021 0:00,1.74,"1,522.49",1393.95,123,5.54,12192.1,organic,2021,Buffalo/Rochester
25/07/2021 0:00,1.66,"1,182.73",1079.65,98.65,4.43,12501.97,organic,2021,Buffalo/Rochester
18/07/2021 0:00,1.76,"1,377.27",1254.25,119.69,3.32,12815.98,organic,2021,Buffalo/Rochester
05/09/2021 0:00,1.13,"68,313.69",16960.63,48934.9,2418.16,101785.22,conventional,2021,Buffalo/Rochester
29/08/2021 0:00,1.15,"62,908.99",15613.16,45052.04,2243.8,95243.17,conventional,2021,Buffalo/Rochester
22/08/2021 0:00,1.06,"63,794.42",14819.57,46490.91,2483.93,112957.06,conventional,2021,Buffalo/Rochester
15/08/2021 0:00,1.18,"61,455.06",18494.07,40612.69,2348.3,94813.62,conventional,2021,Buffalo/Rochester
05/09/2021 0:00,1.56,"1,227.29",1060.97,158.56,7.76,10778.52,organic,2021,Buffalo/Rochester
29/08/2021 0:00,1.62,"1,266.80",1181.46,82.01,3.32,11549.7,organic,2021,Buffalo/Rochester
22/08/2021 0:00,1.65,"1,172.79",1061.94,106.42,4.43,12829.91,organic,2021,Buffalo/Rochester
15/08/2021 0:00,1.66,"1,112.22",1051.23,58.77,2.22,10845.78,organic,2021,Buffalo/Rochester
03/10/2021 0:00,1.35,"60,488.68",15798.11,43075.57,1615.01,79249.19,conventional,2021,Buffalo/Rochester
26/09/2021 0:00,1.37,"54,439.81",14651.57,37820.26,1967.98,82696.44,conventional,2021,Buffalo/Rochester
19/09/2021 0:00,1.25,"53,860.58",13152.05,38819.34,1889.19,79840.21,conventional,2021,Buffalo/Rochester
12/09/2021 0:00,1.14,"71,496.17",25748.62,43834.67,1912.88,92645.27,conventional,2021,Buffalo/Rochester
03/10/2021 0:00,1.64,997.86,871.6,124.04,2.21,9268.92,organic,2021,Buffalo/Rochester
26/09/2021 0:00,1.65,"1,074.60",974.9,98.6,1.11,9556.02,organic,2021,Buffalo/Rochester
19/09/2021 0:00,1.72,"1,195.79",1068.41,122.95,4.43,9747.07,organic,2021,Buffalo/Rochester
12/09/2021 0:00,1.68,"1,115.11",1017.57,97.54,0,11065.69,organic,2021,Buffalo/Rochester
31/10/2021 0:00,1.26,"74,576.53",32301.24,40902.98,1372.3,86516.4,conventional,2021,Buffalo/Rochester
24/10/2021 0:00,1.32,"60,764.29",18976.1,40703.76,1084.42,84188.17,conventional,2021,Buffalo/Rochester
17/10/2021 0:00,1.32,"60,809.71",19004.29,41486.77,318.66,88251.76,conventional,2021,Buffalo/Rochester
10/10/2021 0:00,1.27,"58,215.83",15687.82,42113.9,414.11,101475.24,conventional,2021,Buffalo/Rochester
31/10/2021 0:00,1.75,"1,166.45",1023.72,140.52,2.21,9947.25,organic,2021,Buffalo/Rochester
24/10/2021 0:00,1.64,"1,156.39",1060.1,92.97,3.32,10011.89,organic,2021,Buffalo/Rochester
17/10/2021 0:00,1.61,"1,019.16",923.95,94.1,1.11,10432.04,organic,2021,Buffalo/Rochester
10/10/2021 0:00,1.66,"1,117.09",999.68,109.66,7.75,9782.21,organic,2021,Buffalo/Rochester
28/11/2021 0:00,1.27,"51,668.44",18514.7,33052.7,101.04,70467.28,conventional,2021,Buffalo/Rochester
21/11/2021 0:00,1.28,"55,839.51",16808.77,38940.26,90.48,94041.09,conventional,2021,Buffalo/Rochester
14/11/2021 0:00,1.25,"73,499.88",32075.11,41229.81,194.97,89771.41,conventional,2021,Buffalo/Rochester
07/11/2021 0:00,1.26,"59,132.33",20939.79,37771.5,421.05,87643.74,conventional,2021,Buffalo/Rochester
28/11/2021 0:00,1.67,891.29,847.06,39.81,4.42,9483.26,organic,2021,Buffalo/Rochester
21/11/2021 0:00,1.73,"1,010.78",946.09,62.48,2.21,9944.68,organic,2021,Buffalo/Rochester
14/11/2021 0:00,1.7,962.67,871.97,86.28,4.42,10625.4,organic,2021,Buffalo/Rochester
07/11/2021 0:00,1.71,"1,056.17",990.92,61.93,3.32,10753.97,organic,2021,Buffalo/Rochester
26/12/2021 0:00,1.29,"57,855.31",20333.03,37425.3,96.98,80048.24,conventional,2021,Buffalo/Rochester
19/12/2021 0:00,1.26,"59,352.81",19992.6,39261.81,98.4,93171.88,conventional,2021,Buffalo/Rochester
12/12/2021 0:00,1.26,"62,194.61",21834.21,40267.75,92.65,89548.49,conventional,2021,Buffalo/Rochester
05/12/2021 0:00,1.26,"61,494.81",20856.64,40546.46,91.72,90334.2,conventional,2021,Buffalo/Rochester
26/12/2021 0:00,1.83,927.87,864.82,63.05,0,9491.03,organic,2021,Buffalo/Rochester
19/12/2021 0:00,1.71,"1,132.62",1010.98,120.53,1.11,10767.18,organic,2021,Buffalo/Rochester
12/12/2021 0:00,1.72,"1,099.71",1009.08,87.32,3.32,10683.05,organic,2021,Buffalo/Rochester
05/12/2021 0:00,1.72,"1,135.02",1011.23,122.68,1.11,10131.28,organic,2021,Buffalo/Rochester
04/01/2021 0:00,0.99,"3,093,034.44",2011888.77,811603.22,269542.45,1168833.06,conventional,2021,California
04/01/2021 0:00,1.65,"36,479.52",17130.92,19335.72,12.87,149804.87,organic,2021,California
10/01/2021 0:00,1.13,"2,711,265.16",1779204.54,715265.64,216794.99,1357404.96,conventional,2021,California
10/01/2021 0:00,1.81,"38,786.08",19682.39,19069.43,34.25,151325.44,organic,2021,California
17/01/2021 0:00,1.22,"2,658,895.75",1663400.07,770165.4,225330.28,1375630.52,conventional,2021,California
17/01/2021 0:00,1.81,"38,636.13",20920.77,17706.92,8.43,159852.59,organic,2021,California
24/01/2021 0:00,1.18,"2,613,671.25",1585051.18,818239.3,210380.78,1352346.52,conventional,2021,California
24/01/2021 0:00,1.77,"45,217.69",22239.44,22978.25,0,161811.82,organic,2021,California
31/01/2021 0:00,1.19,"2,149,320.14",1413841.93,613557.82,121920.4,1387312.16,conventional,2021,California
31/01/2021 0:00,1.6,"39,942.10",19163.32,20767.1,11.69,174320.62,organic,2021,California
07/02/2021 0:00,0.95,"2,981,275.46",1741609.73,920002.78,319662.95,2105504.09,conventional,2021,California
07/02/2021 0:00,1.66,"40,043.38",17161.35,22866.88,15.15,186223.15,organic,2021,California
14/02/2021 0:00,1.16,"2,223,301.32",1283672.73,637959.88,301668.72,1347203.29,conventional,2021,California
14/02/2021 0:00,1.74,"41,235.29",19140.97,22076.89,17.43,168739.03,organic,2021,California
21/02/2021 0:00,1.19,"2,071,418.80",1285956.52,658957.6,126504.68,1314011.32,conventional,2021,California
21/02/2021 0:00,1.62,"37,809.72",16238.61,21560.82,10.29,169112.36,organic,2021,California
28/02/2021 0:00,1.15,"2,117,635.79",1332071.82,611852.72,173711.26,1306058.53,conventional,2021,California
28/02/2021 0:00,1.5,"215,891.04",19215.12,196313.98,361.93,167156.21,organic,2021,California
07/03/2021 0:00,1.26,"2,141,761.44",1265404.48,692090.43,184266.53,1342327.73,conventional,2021,California
07/03/2021 0:00,1.6,"108,396.74",21878.86,86473.15,44.72,189353.71,organic,2021,California
14/03/2021 0:00,1.19,"2,203,852.79",1212667.22,831076.27,160109.31,1360272.84,conventional,2021,California
14/03/2021 0:00,1.71,"43,744.00",17100.27,26642.25,1.47,194514.18,organic,2021,California
21/03/2021 0:00,1.29,"1,958,898.31",1078225.7,682606.87,198065.74,1331425.91,conventional,2021,California
21/03/2021 0:00,1.78,"39,095.37",18286.16,20803.73,5.49,183232.67,organic,2021,California
28/03/2021 0:00,1.25,"2,068,716.60",1208968.13,654782.92,204965.55,1272500.12,conventional,2021,California
28/03/2021 0:00,1.76,"43,439.17",23137.43,20290.28,11.46,198818.39,organic,2021,California
04/04/2021 0:00,1.44,"2,017,857.61",1289986.47,563223.21,164647.94,1312671.33,conventional,2021,California
04/04/2021 0:00,1.78,"43,316.76",21566.7,21718.67,31.4,208767.31,organic,2021,California
11/04/2021 0:00,1.36,"2,107,472.94",1392945.18,593776.4,120751.36,1258650.87,conventional,2021,California
11/04/2021 0:00,1.77,"44,548.88",22534.5,21993.77,20.61,198568.97,organic,2021,California
18/04/2021 0:00,1.41,"2,432,094.32",1689135.79,622533.26,120425.27,1301228.54,conventional,2021,California
18/04/2021 0:00,1.79,"34,750.75",16368.63,18362.13,19.98,204886.19,organic,2021,California
25/04/2021 0:00,1.42,"2,000,954.02",1322518.6,576137.6,102297.82,1312582.6,conventional,2021,California
25/04/2021 0:00,1.82,"40,361.13",23071.31,17262.71,27.1,199896.53,organic,2021,California
02/05/2021 0:00,1.15,"2,424,707.95",1536391.62,811899.87,76416.46,1684111.4,conventional,2021,California
02/05/2021 0:00,1.78,"38,889.38",21144.73,17724.79,19.86,181512.8,organic,2021,California
09/05/2021 0:00,1.32,"2,425,961.59",1501684.69,801654.68,122622.23,1329473.42,conventional,2021,California
09/05/2021 0:00,1.84,"36,065.59",14677.15,21379.57,8.87,189236.39,organic,2021,California
16/05/2021 0:00,1.32,"2,132,808.94",1259172.78,775879.96,97756.19,1190577.27,conventional,2021,California
16/05/2021 0:00,1.82,"35,098.87",15246.89,19849.09,2.9,191522.54,organic,2021,California
13/06/2021 0:00,1.33,"2,168,582.37",1503432.03,566049.83,99100.51,1331429.1,conventional,2021,California
06/06/2021 0:00,1.27,"2,364,414.02",1691260.79,583209.94,89943.3,1221168.75,conventional,2021,California
30/05/2021 0:00,1.39,"2,135,826.64",1359644.71,697840.21,78341.71,1300226.6,conventional,2021,California
23/05/2021 0:00,1.28,"2,042,716.00",1207090.95,754202.68,81422.38,1223844.49,conventional,2021,California
13/06/2021 0:00,1.83,"34,796.11",17682.92,17093.13,20.07,177850.25,organic,2021,California
06/06/2021 0:00,1.87,"31,827.91",14609.72,17202.65,15.53,178331.03,organic,2021,California
30/05/2021 0:00,1.79,"35,633.24",18370.12,17256.69,6.43,184507.53,organic,2021,California
23/05/2021 0:00,1.78,"31,800.62",12801.6,18987.73,11.29,201328.15,organic,2021,California
11/07/2021 0:00,1.21,"2,387,623.89",1467469.88,785120.7,135033.31,1307355.94,conventional,2021,California
04/07/2021 0:00,1.41,"2,331,091.23",1579734.3,643978.52,107378.41,1230082.06,conventional,2021,California
27/06/2021 0:00,1.36,"2,228,349.49",1570447.84,548685.04,109216.61,1189629.21,conventional,2021,California
20/06/2021 0:00,1.32,"2,483,410.43",1575778.36,823099.01,84533.07,1246152.26,conventional,2021,California
11/07/2021 0:00,1.77,-0.01,0,0,0,180362.49,organic,2021,California
04/07/2021 0:00,1.73, -   ,0,0,0,186801.95,organic,2021,California
27/06/2021 0:00,1.85,-0.01,0,0,0,164812.88,organic,2021,California
20/06/2021 0:00,1.79,0.01,0,0,0,177638.3,organic,2021,California
08/08/2021 0:00,1.23,"2,294,572.95",1356185.5,734679.35,203708.1,1419227.2,conventional,2021,California
01/08/2021 0:00,1.28,"2,111,643.13",1234001.56,692350.21,185291.35,1390277.9,conventional,2021,California
25/07/2021 0:00,1.32,"1,867,466.48",1161160.14,540066.11,166240.24,1371779.71,conventional,2021,California
18/07/2021 0:00,1.2,"2,000,325.27",1295200.75,517497.11,187627.42,2181017.71,conventional,2021,California
08/08/2021 0:00,1.94,"43,407.15",16616.77,26766.78,23.61,167159.4,organic,2021,California
01/08/2021 0:00,1.87,"86,554.69",14664.3,71647.6,242.79,145083.38,organic,2021,California
25/07/2021 0:00,1.7,"167,153.62",15818.39,150796.94,538.3,172889.63,organic,2021,California
18/07/2021 0:00,1.92,"33,637.94",16945.41,16667.57,24.96,173136.73,organic,2021,California
05/09/2021 0:00,1.22,"2,384,917.08",1633650.15,594407.38,156859.55,2403237.89,conventional,2021,California
29/08/2021 0:00,1.31,"2,008,993.13",1306842.76,535957.09,166193.27,1421544.22,conventional,2021,California
22/08/2021 0:00,1.28,"1,852,548.30",1146820.32,550116.25,155611.73,1302400.94,conventional,2021,California
15/08/2021 0:00,1.37,"1,905,704.14",1186577.34,562926.03,156200.77,1475712.76,conventional,2021,California
05/09/2021 0:00,1.9,"36,340.66",18877.33,17453.15,10.18,164278.17,organic,2021,California
29/08/2021 0:00,1.95,"39,241.99",21089.51,18140,12.49,158317.02,organic,2021,California
22/08/2021 0:00,1.84,"49,827.60",28746.26,21073.58,7.77,178235.37,organic,2021,California
15/08/2021 0:00,1.91,"50,033.48",27517.96,22515.51,0,178757.18,organic,2021,California
03/10/2021 0:00,1.4,"1,755,111.84",1126553.68,535275.35,93282.8,1472067.53,conventional,2021,California
26/09/2021 0:00,1.37,"1,964,256.13",1308960.52,562238.32,93057.29,1487145.34,conventional,2021,California
19/09/2021 0:00,1.37,"2,058,631.29",1433505.07,524354.17,100772.06,1451501.39,conventional,2021,California
12/09/2021 0:00,1.41,"2,026,216.87",1359575.16,506230.16,160411.55,1390645.79,conventional,2021,California
03/10/2021 0:00,1.97,"35,600.63",18606.75,16993.88,0,136914.19,organic,2021,California
26/09/2021 0:00,1.84,"47,487.95",27324.13,20158.37,5.45,151464.9,organic,2021,California
19/09/2021 0:00,1.87,"47,565.45",27746.62,19798.21,20.62,158578.76,organic,2021,California
12/09/2021 0:00,1.85,"44,939.90",24276.37,20663.54,0,185235.9,organic,2021,California
31/10/2021 0:00,1.35,"1,832,222.28",1255298.14,461322.5,115601.64,1373233.82,conventional,2021,California
24/10/2021 0:00,1.19,"1,953,379.02",1244037.83,598149,111192.2,1359815.49,conventional,2021,California
17/10/2021 0:00,1.22,"1,821,063.43",1215870.1,496234.23,108959.1,2200845.22,conventional,2021,California
10/10/2021 0:00,1.35,"1,934,676.09",1272161.17,559891.93,102622.99,1642739.9,conventional,2021,California
31/10/2021 0:00,2.04,"33,168.76",17006.29,16155.07,7.4,135581.71,organic,2021,California
24/10/2021 0:00,1.99,"31,849.66",15280.03,16441.83,127.8,130217.92,organic,2021,California
17/10/2021 0:00,1.96,"36,032.49",18388.73,17619,24.77,141746.2,organic,2021,California
10/10/2021 0:00,1.92,"36,020.87",17699.4,18315.74,5.73,146179.58,organic,2021,California
28/11/2021 0:00,1.41,"1,711,771.93",1194028.66,411252.69,106490.59,1148741.41,conventional,2021,California
21/11/2021 0:00,1.4,"1,615,419.89",1066235.5,440372.7,108811.69,1303803.33,conventional,2021,California
14/11/2021 0:00,1.34,"1,705,052.12",1142599.1,445501.09,116951.93,1590509.06,conventional,2021,California
07/11/2021 0:00,1.14,"1,995,085.46",1279930.62,617154.11,98000.72,1381001.18,conventional,2021,California
28/11/2021 0:00,1.81,"31,401.09",16861.83,14536.32,2.95,112843.52,organic,2021,California
21/11/2021 0:00,1.94,"38,085.45",21830.3,16233.25,21.91,136418.19,organic,2021,California
14/11/2021 0:00,1.92,"32,646.55",16331.29,16307.37,7.87,170328.99,organic,2021,California
07/11/2021 0:00,1.94,"34,259.63",17189.69,17066.97,2.97,146732.92,organic,2021,California
26/12/2021 0:00,1.39,"1,812,885.03",1245510.87,467468.82,99905.33,1203384.7,conventional,2021,California
19/12/2021 0:00,1.4,"1,653,936.85",1150878.89,416809.3,86248.66,1249937.34,conventional,2021,California
12/12/2021 0:00,1.31,"1,959,280.70",1422661.03,412023.54,124596.12,1318536.13,conventional,2021,California
05/12/2021 0:00,1.13,"2,129,958.36",1429828.2,570135.54,129994.63,1244812.25,conventional,2021,California
26/12/2021 0:00,1.88,"37,737.06",17964.51,19769.72,2.84,158255.4,organic,2021,California
19/12/2021 0:00,1.8,"45,546.50",17272.44,28251.13,22.93,135749.95,organic,2021,California
12/12/2021 0:00,1.76,"83,567.87",17934.25,65633.61,0,127129.23,organic,2021,California
05/12/2021 0:00,1.79,"111,558.59",17067.55,94485.4,5.64,132785.26,organic,2021,California
04/01/2021 0:00,0.95,"206,386.95",152157.48,50128.38,4101.09,168420.19,conventional,2021,Charlotte
04/01/2021 0:00,1.41,"3,944.23",98.93,3826.03,19.28,8142.02,organic,2021,Charlotte
10/01/2021 0:00,0.95,"201,865.50",151053.95,47099.97,3711.58,152450.25,conventional,2021,Charlotte
10/01/2021 0:00,1.47,"3,315.39",128.75,3149.94,36.7,9593.1,organic,2021,Charlotte
17/01/2021 0:00,1.07,"188,202.72",133366.57,51035.06,3801.09,133130.42,conventional,2021,Charlotte
17/01/2021 0:00,1.46,"3,023.03",76.65,2924.42,21.95,9334.04,organic,2021,Charlotte
24/01/2021 0:00,1.01,"223,067.76",162391.41,55343.26,5333.09,119544.11,conventional,2021,Charlotte
24/01/2021 0:00,1.42,"3,075.01",67.32,2982.42,25.28,9340.27,organic,2021,Charlotte
31/01/2021 0:00,1.1,"220,384.87",162748.06,53161.61,4475.2,122176.2,conventional,2021,Charlotte
31/01/2021 0:00,1.41,"3,383.71",105.55,3248.2,29.96,8668.26,organic,2021,Charlotte
07/02/2021 0:00,0.87,"282,173.39",216216.27,61942.92,4014.19,199453.41,conventional,2021,Charlotte
07/02/2021 0:00,1.37,"3,109.98",80.76,2993.5,35.72,7497.44,organic,2021,Charlotte
14/02/2021 0:00,1.02,"194,629.53",151627.66,39268.66,3733.22,128815.27,conventional,2021,Charlotte
14/02/2021 0:00,1.45,"3,738.07",57.35,3640,40.71,7717.56,organic,2021,Charlotte
21/02/2021 0:00,1.06,"219,572.44",167658.29,47771.96,4142.19,124218.53,conventional,2021,Charlotte
21/02/2021 0:00,1.47,"3,510.85",82.86,3379.16,48.83,9755.48,organic,2021,Charlotte
28/02/2021 0:00,1.07,"203,978.92",149857.52,50102.61,4018.8,133465.45,conventional,2021,Charlotte
28/02/2021 0:00,1.44,"3,490.43",70.36,3384.68,35.4,9018.74,organic,2021,Charlotte
07/03/2021 0:00,0.95,"204,956.32",156199.3,45592.95,3164.07,201000.38,conventional,2021,Charlotte
07/03/2021 0:00,1.42,"2,990.72",53.88,2916.57,20.26,8346.85,organic,2021,Charlotte
14/03/2021 0:00,1.01,"228,990.50",174432.64,51158.75,3399.11,141112.06,conventional,2021,Charlotte
14/03/2021 0:00,1.38,"3,530.04",95.43,3418.68,15.93,9366.02,organic,2021,Charlotte
21/03/2021 0:00,1.12,"210,606.14",156282.25,50646.61,3677.29,141868.17,conventional,2021,Charlotte
21/03/2021 0:00,1.46,"3,718.11",53.28,3628.82,36.01,12356.27,organic,2021,Charlotte
28/03/2021 0:00,1.02,"207,604.51",156270.05,48018.96,3315.5,171819.62,conventional,2021,Charlotte
28/03/2021 0:00,1.64,"2,809.73",88.73,2686.09,34.9,14342.56,organic,2021,Charlotte
04/04/2021 0:00,1.2,"191,288.63",145542.29,43376.96,2369.39,128865.12,conventional,2021,Charlotte
04/04/2021 0:00,1.72,"2,779.44",53.71,2696.61,29.13,14704.98,organic,2021,Charlotte
11/04/2021 0:00,1.21,"195,014.20",142994.88,49182.86,2836.46,144149.79,conventional,2021,Charlotte
11/04/2021 0:00,1.74,"3,310.89",61.41,3193.11,56.37,16278.82,organic,2021,Charlotte
18/04/2021 0:00,1.13,"229,462.70",176873.87,49703.97,2884.85,140410.84,conventional,2021,Charlotte
18/04/2021 0:00,1.71,"3,493.23",59.97,3399.21,34.04,16489.31,organic,2021,Charlotte
25/04/2021 0:00,1.25,"198,716.65",147760.44,48316.55,2639.66,132641.83,conventional,2021,Charlotte
25/04/2021 0:00,1.69,"3,402.23",71.68,3298,32.56,15583.5,organic,2021,Charlotte
02/05/2021 0:00,0.93,"285,885.95",198214.97,82192.82,5478.17,119659.45,conventional,2021,Charlotte
02/05/2021 0:00,1.61,"3,088.42",50.41,3014.49,23.52,16350.91,organic,2021,Charlotte
09/05/2021 0:00,1.23,"206,806.86",150122.54,53360.17,3324.15,117568.74,conventional,2021,Charlotte
09/05/2021 0:00,1.62,"3,236.11",63.87,3157.5,14.73,16355.87,organic,2021,Charlotte
16/05/2021 0:00,1.27,"192,972.31",141692.44,47901.94,3377.92,122035.01,conventional,2021,Charlotte
16/05/2021 0:00,1.68,"3,165.62",45,3108.1,12.52,14692.32,organic,2021,Charlotte
13/06/2021 0:00,1.22,"202,117.46",143628.99,55030.33,3458.13,117374.03,conventional,2021,Charlotte
06/06/2021 0:00,1.26,"194,464.07",142134.48,49797.29,2532.3,128149.72,conventional,2021,Charlotte
30/05/2021 0:00,1.29,"201,251.59",144261.09,54422.08,2568.43,121553.53,conventional,2021,Charlotte
23/05/2021 0:00,1.26,"195,047.15",143757.13,48369.41,2920.61,122899.67,conventional,2021,Charlotte
13/06/2021 0:00,1.63,"2,956.22",50.82,2889.66,15.74,16754.81,organic,2021,Charlotte
06/06/2021 0:00,1.65,"3,013.04",50.67,2948.83,13.55,17056.29,organic,2021,Charlotte
30/05/2021 0:00,1.68,"3,114.44",36.29,3063.44,14.71,16804.06,organic,2021,Charlotte
23/05/2021 0:00,1.65,"3,279.30",46.85,3213.19,19.26,16762.03,organic,2021,Charlotte
11/07/2021 0:00,1.26,"184,801.01",127680.17,54695.85,2424.97,109877.52,conventional,2021,Charlotte
04/07/2021 0:00,1.33,"177,108.26",118281.49,56411.13,2415.65,109218.39,conventional,2021,Charlotte
27/06/2021 0:00,1.39,"173,073.35",115612.14,55000.26,2460.94,98887.23,conventional,2021,Charlotte
20/06/2021 0:00,1.37,"168,184.30",109183.38,56475.58,2525.34,104044.12,conventional,2021,Charlotte
11/07/2021 0:00,1.54, -   ,0,0,0,12184.91,organic,2021,Charlotte
04/07/2021 0:00,1.53,-0.01,0,0,0,14116.34,organic,2021,Charlotte
27/06/2021 0:00,1.46, -   ,0,0,0,14739.87,organic,2021,Charlotte
20/06/2021 0:00,1.34, -   ,0,0,0,17399.52,organic,2021,Charlotte
08/08/2021 0:00,1.35,"169,007.13",109114.05,57274.78,2618.31,105325.81,conventional,2021,Charlotte
01/08/2021 0:00,1.12,"179,969.98",120278.01,57218.01,2473.95,161954.9,conventional,2021,Charlotte
25/07/2021 0:00,1.26,"176,736.93",120672.99,53425.95,2638,104069.82,conventional,2021,Charlotte
18/07/2021 0:00,1.23,"172,840.31",120278.68,50027.86,2533.77,115015.11,conventional,2021,Charlotte
08/08/2021 0:00,1.56,"2,295.22",46.46,2236.27,12.49,14745.62,organic,2021,Charlotte
01/08/2021 0:00,1.67,"2,382.36",109.46,2267.27,5.63,11376.19,organic,2021,Charlotte
25/07/2021 0:00,1.69,"2,797.42",59.3,2718.98,19.14,12510.74,organic,2021,Charlotte
18/07/2021 0:00,1.63,"2,958.37",93.31,2851.55,13.51,14650.96,organic,2021,Charlotte
05/09/2021 0:00,1.09,"125,742.65",104116.82,18460.75,3165.07,115533.3,conventional,2021,Charlotte
29/08/2021 0:00,1.3,"170,440.33",103597.36,63670.29,3172.69,124816.86,conventional,2021,Charlotte
22/08/2021 0:00,1.21,"167,883.51",102897.58,62109.52,2876.41,153810.57,conventional,2021,Charlotte
15/08/2021 0:00,1.23,"170,309.05",113650.46,54082.11,2576.48,133908.95,conventional,2021,Charlotte
05/09/2021 0:00,1.59,"2,615.68",69.18,2519.28,27.22,8231.6,organic,2021,Charlotte
29/08/2021 0:00,1.59,"2,600.03",59.67,2522.36,18.01,10185.98,organic,2021,Charlotte
22/08/2021 0:00,1.66,"2,679.57",27.1,2629.95,22.54,17060.04,organic,2021,Charlotte
15/08/2021 0:00,1.65,"2,436.47",75.26,2343.07,18.14,15256.15,organic,2021,Charlotte
03/10/2021 0:00,1.35,"161,517.31",107527.83,50840.09,3149.39,114473.31,conventional,2021,Charlotte
26/09/2021 0:00,1.29,"185,906.92",122122.99,60946.4,2837.53,105631.5,conventional,2021,Charlotte
19/09/2021 0:00,1.36,"160,460.30",98874.23,58280.4,3305.67,124990.57,conventional,2021,Charlotte
12/09/2021 0:00,1.39,"162,407.83",101648.01,57607.82,3152,116637.33,conventional,2021,Charlotte
03/10/2021 0:00,1.71,"4,438.45",68.63,4327.18,42.63,11629.49,organic,2021,Charlotte
26/09/2021 0:00,1.5,"4,358.64",52.09,4281.84,24.7,15903.75,organic,2021,Charlotte
19/09/2021 0:00,1.6,"4,294.99",57.13,4223.25,14.61,11332.63,organic,2021,Charlotte
12/09/2021 0:00,1.52,"3,865.97",54.4,3796.95,14.62,7590.13,organic,2021,Charlotte
31/10/2021 0:00,1.35,"146,401.92",97601.7,44619.44,4180.78,115301.65,conventional,2021,Charlotte
24/10/2021 0:00,1.37,"144,787.34",98879.51,42568.18,3339.66,118565.05,conventional,2021,Charlotte
17/10/2021 0:00,1.4,"150,463.28",99354.34,47560.39,3548.54,120977.58,conventional,2021,Charlotte
10/10/2021 0:00,1.36,"166,545.45",112010.29,50833.93,3701.24,117397.49,conventional,2021,Charlotte
31/10/2021 0:00,1.7,"2,464.20",49.7,2399.81,14.69,14678.39,organic,2021,Charlotte
24/10/2021 0:00,1.69,"2,974.05",32.55,2910.15,31.36,15707.93,organic,2021,Charlotte
17/10/2021 0:00,1.79,"3,512.70",52.44,3430.01,30.26,12925.21,organic,2021,Charlotte
10/10/2021 0:00,1.75,"3,089.04",59.67,3019.27,10.09,13159.02,organic,2021,Charlotte
28/11/2021 0:00,1.33,"124,280.97",87023.82,34643.32,2613.83,102984.34,conventional,2021,Charlotte
21/11/2021 0:00,1.31,"133,273.76",90289.69,39542.56,3441.51,104849.74,conventional,2021,Charlotte
14/11/2021 0:00,1.27,"153,786.29",103920.75,45860.26,4005.29,106091.72,conventional,2021,Charlotte
07/11/2021 0:00,1.31,"141,132.48",94429.57,42575.25,4127.65,115370.87,conventional,2021,Charlotte
28/11/2021 0:00,1.73,"2,692.77",58.15,2609.94,24.68,11708.31,organic,2021,Charlotte
21/11/2021 0:00,1.7,"2,200.42",37.67,2131.43,31.32,14430.65,organic,2021,Charlotte
14/11/2021 0:00,1.73,"2,588.33",41.48,2535.65,11.19,13575.33,organic,2021,Charlotte
07/11/2021 0:00,1.74,"2,522.58",60.92,2428.08,33.57,13056.48,organic,2021,Charlotte
26/12/2021 0:00,1.23,"131,470.65",89260.82,39528.63,2681.2,129507.18,conventional,2021,Charlotte
19/12/2021 0:00,1.24,"133,441.99",89347.94,41215.12,2878.93,120467.76,conventional,2021,Charlotte
12/12/2021 0:00,1.21,"134,143.19",91884.86,38825.99,3432.34,130704.65,conventional,2021,Charlotte
05/12/2021 0:00,1.19,"134,044.57",91019.64,38804.27,4220.65,148427.19,conventional,2021,Charlotte
26/12/2021 0:00,1.69,"2,035.95",71.76,1949.66,14.53,14960.43,organic,2021,Charlotte
19/12/2021 0:00,1.7,"2,240.77",76.97,2144.8,19.01,14744.29,organic,2021,Charlotte
12/12/2021 0:00,1.67,"2,028.46",52.6,1963.57,12.3,16132.85,organic,2021,Charlotte
05/12/2021 0:00,1.69,"2,654.78",58.97,2560.05,35.76,13628.75,organic,2021,Charlotte
04/01/2021 0:00,1.1,"317,517.29",104614.48,174551.01,38351.8,250084.67,conventional,2021,Chicago
04/01/2021 0:00,1.85,"3,406.34",482.59,2923.76,0,17347.53,organic,2021,Chicago
10/01/2021 0:00,1.21,"306,339.90",134157.02,127857.38,44325.49,267653.14,conventional,2021,Chicago
10/01/2021 0:00,1.83,"3,776.12",621.78,3154.34,0,19128.12,organic,2021,Chicago
17/01/2021 0:00,1.13,"363,286.63",110412.51,211522.42,41351.69,236076.45,conventional,2021,Chicago
17/01/2021 0:00,1.77,"4,100.26",629.36,3470.91,0,19187.66,organic,2021,Chicago
24/01/2021 0:00,1.02,"377,143.67",128120.13,211901.75,37121.78,245220.56,conventional,2021,Chicago
24/01/2021 0:00,1.35,"3,713.38",395.11,3318.28,0,35490.38,organic,2021,Chicago
31/01/2021 0:00,1.24,"293,420.50",120211.64,136350.51,36858.35,272799.35,conventional,2021,Chicago
31/01/2021 0:00,1.48,"6,607.34",626.05,5981.29,0,35025.04,organic,2021,Chicago
07/02/2021 0:00,0.82,"461,399.00",187732.61,237591.5,36074.9,244791.54,conventional,2021,Chicago
07/02/2021 0:00,1.25,"17,779.42",1425.72,16353.7,0,23550.29,organic,2021,Chicago
14/02/2021 0:00,1.09,"288,629.63",124390.51,133116.37,31122.76,226292.99,conventional,2021,Chicago
14/02/2021 0:00,1.25,"15,929.14",848.35,15080.8,0,21276.94,organic,2021,Chicago
21/02/2021 0:00,1.28,"251,753.47",109471.87,110891.74,31389.85,250516.07,conventional,2021,Chicago
21/02/2021 0:00,1.55,"10,425.56",536.05,9889.52,0,21826.5,organic,2021,Chicago
28/02/2021 0:00,0.76,"399,238.14",105365.38,255640.67,38232.09,238538.65,conventional,2021,Chicago
28/02/2021 0:00,1.59,"8,834.61",635.01,8199.59,0,17793.93,organic,2021,Chicago
07/03/2021 0:00,0.94,"232,094.47",99529.52,98715.92,33849.03,654618.9,conventional,2021,Chicago
07/03/2021 0:00,1.55,"12,195.10",901.22,11293.89,0,23024.44,organic,2021,Chicago
14/03/2021 0:00,1,"272,371.94",97625.39,144078.29,30668.26,374827.37,conventional,2021,Chicago
14/03/2021 0:00,1.66,"5,228.16",534.69,4693.46,0,19551.19,organic,2021,Chicago
21/03/2021 0:00,1.26,"242,035.93",103979.35,109453.93,28602.64,259844.83,conventional,2021,Chicago
21/03/2021 0:00,1.71,"4,943.98",432.72,4511.25,0,18788.89,organic,2021,Chicago
28/03/2021 0:00,1.42,"217,711.24",99489.55,91661.53,26560.17,232583.42,conventional,2021,Chicago
28/03/2021 0:00,1.61,"4,430.40",390.77,4039.63,0,22029.55,organic,2021,Chicago
04/04/2021 0:00,1.51,"242,878.59",100554,114029.73,28294.86,243552.7,conventional,2021,Chicago
04/04/2021 0:00,1.71,"5,672.66",467.06,5205.6,0,21735.83,organic,2021,Chicago
11/04/2021 0:00,1.55,"217,377.98",101236.22,91799.55,24342.21,227966.57,conventional,2021,Chicago
11/04/2021 0:00,1.76,"4,933.18",387.14,4546.04,0,22086.21,organic,2021,Chicago
18/04/2021 0:00,1.53,"230,412.38",108274.45,94660.44,27477.48,247799.31,conventional,2021,Chicago
18/04/2021 0:00,1.7,"4,237.64",293.57,3944.07,0,23838.51,organic,2021,Chicago
25/04/2021 0:00,1.02,"380,180.75",174766.12,172853.19,32561.44,259391.23,conventional,2021,Chicago
25/04/2021 0:00,1.64,"4,098.87",355.86,3743,0,26319.57,organic,2021,Chicago
02/05/2021 0:00,1.01,"372,924.17",163171,168502.03,41251.13,220017.92,conventional,2021,Chicago
02/05/2021 0:00,1.65,"4,796.26",379.36,4416.9,0,25459.95,organic,2021,Chicago
09/05/2021 0:00,1.26,"277,182.65",149157.79,89260.64,38764.23,209404.49,conventional,2021,Chicago
09/05/2021 0:00,1.73,"7,071.88",789.69,6282.2,0,21785.66,organic,2021,Chicago
16/05/2021 0:00,1.35,"243,216.20",102310.71,94340.64,46564.85,206533.13,conventional,2021,Chicago
16/05/2021 0:00,1.68,"5,710.73",545.35,5165.37,0,17946.86,organic,2021,Chicago
13/06/2021 0:00,1.37,"245,829.06",113133.91,95478.04,37217.1,201819.37,conventional,2021,Chicago
06/06/2021 0:00,1.06,"284,608.92",111767.89,142986.68,29854.35,219257.16,conventional,2021,Chicago
30/05/2021 0:00,1.48,"245,215.33",102954.15,111740.68,30520.5,224653.44,conventional,2021,Chicago
23/05/2021 0:00,1.1,"284,847.77",116061.35,125182.92,43603.5,231979.82,conventional,2021,Chicago
13/06/2021 0:00,1.63,"6,132.84",926.66,5206.18,0,19677.12,organic,2021,Chicago
06/06/2021 0:00,1.85,"3,310.45",500.86,2809.59,0,16474.4,organic,2021,Chicago
30/05/2021 0:00,1.8,"3,563.82",499.48,3064.33,0,17271.17,organic,2021,Chicago
23/05/2021 0:00,1.72,"3,912.29",364.81,3547.48,0,20307.46,organic,2021,Chicago
11/07/2021 0:00,1.37,"249,486.67",106823.39,114207.35,28455.93,201855.43,conventional,2021,Chicago
04/07/2021 0:00,1.36,"275,102.21",96802.9,144372.69,33926.62,196703.12,conventional,2021,Chicago
27/06/2021 0:00,1.46,"230,405.73",97197.43,102263.96,30944.35,173771.08,conventional,2021,Chicago
20/06/2021 0:00,1.14,"315,627.90",99625.83,171982.16,44019.91,196423.26,conventional,2021,Chicago
11/07/2021 0:00,1.84, -   ,0,0,0,16554.43,organic,2021,Chicago
04/07/2021 0:00,1.85, -   ,0,0,0,16614.03,organic,2021,Chicago
27/06/2021 0:00,1.86, -   ,0,0,0,14909.88,organic,2021,Chicago
20/06/2021 0:00,1.66,-0.01,0,0,0,16065.61,organic,2021,Chicago
08/08/2021 0:00,1.35,"222,349.90",92362.48,94259.27,35728.14,241416.15,conventional,2021,Chicago
01/08/2021 0:00,1.41,"210,202.08",81078.52,95930.28,33193.28,209522.79,conventional,2021,Chicago
25/07/2021 0:00,1.33,"270,692.71",89430.94,147639.84,33621.93,198032.38,conventional,2021,Chicago
18/07/2021 0:00,1.04,"310,260.70",93310.65,185148.76,31801.29,221653.76,conventional,2021,Chicago
08/08/2021 0:00,1.77,"3,788.40",376.11,3412.29,0,15492.22,organic,2021,Chicago
01/08/2021 0:00,1.76,"4,283.50",507.34,3776.16,0,15200.31,organic,2021,Chicago
25/07/2021 0:00,1.74,"3,747.55",391.53,3356.02,0,15112.66,organic,2021,Chicago
18/07/2021 0:00,1.82,"3,157.74",368.51,2789.22,0,14095.78,organic,2021,Chicago
05/09/2021 0:00,1.38,"224,553.52",92470.99,102583.44,29499.08,221950.45,conventional,2021,Chicago
29/08/2021 0:00,1.37,"236,694.19",92719.09,111405.04,32570.05,214005.17,conventional,2021,Chicago
22/08/2021 0:00,1.35,"189,278.43",76352.6,77315.55,35610.28,263930.62,conventional,2021,Chicago
15/08/2021 0:00,1.35,"235,343.88",77660.28,120165.68,37517.92,201812.88,conventional,2021,Chicago
05/09/2021 0:00,1.77,"4,067.75",504.32,3563.43,0,16831.34,organic,2021,Chicago
29/08/2021 0:00,1.75,"4,117.87",560.85,3557.01,0,17113.05,organic,2021,Chicago
22/08/2021 0:00,1.64,"3,900.11",477.67,3422.44,0,21399.25,organic,2021,Chicago
15/08/2021 0:00,1.71,"4,127.32",534.68,3592.64,0,19265.81,organic,2021,Chicago
03/10/2021 0:00,1.33,"232,511.20",117144.68,84690.98,30675.54,243660.6,conventional,2021,Chicago
26/09/2021 0:00,1.38,"240,583.29",114477.15,92563.6,33542.54,214332.74,conventional,2021,Chicago
19/09/2021 0:00,1.37,"234,547.48",90783.96,111468.43,32295.1,183033,conventional,2021,Chicago
12/09/2021 0:00,1.34,"224,584.45",81768.02,114573.63,28242.8,185050.61,conventional,2021,Chicago
03/10/2021 0:00,1.62,"3,116.26",506.66,2609.6,0,17693.69,organic,2021,Chicago
26/09/2021 0:00,1.76,"3,211.88",443.55,2768.33,0,14807.84,organic,2021,Chicago
19/09/2021 0:00,1.78,"3,313.62",479.99,2833.64,0,12307.78,organic,2021,Chicago
12/09/2021 0:00,1.77,"3,903.73",456.74,3446.99,0,15556.74,organic,2021,Chicago
31/10/2021 0:00,1.04,"239,357.43",81690.21,132516.88,25150.34,229918.13,conventional,2021,Chicago
24/10/2021 0:00,1.41,"205,276.03",88282.84,88157.17,28836.01,214415.6,conventional,2021,Chicago
17/10/2021 0:00,1.4,"214,534.04",110735.3,67549.45,36249.28,218892.36,conventional,2021,Chicago
10/10/2021 0:00,1.4,"211,441.48",93336.86,77214.01,40890.61,224104.46,conventional,2021,Chicago
31/10/2021 0:00,1.75,"3,478.35",524.4,2953.96,0,14904.31,organic,2021,Chicago
24/10/2021 0:00,1.79,"2,996.86",543.87,2452.99,0,13296.38,organic,2021,Chicago
17/10/2021 0:00,1.8,"3,148.66",538.53,2610.13,0,12715.21,organic,2021,Chicago
10/10/2021 0:00,1.65,"3,044.54",496.15,2548.39,0,16552.98,organic,2021,Chicago
28/11/2021 0:00,0.83,"312,863.12",136973.54,149945.14,25944.44,170206.62,conventional,2021,Chicago
21/11/2021 0:00,1.41,"174,500.01",81139.96,72490.37,20869.68,200061.53,conventional,2021,Chicago
14/11/2021 0:00,0.99,"255,647.48",99614.72,136728.82,19303.95,235298.68,conventional,2021,Chicago
07/11/2021 0:00,1.39,"189,325.65",85977.11,82805.18,20543.35,230432.93,conventional,2021,Chicago
28/11/2021 0:00,1.72,"3,650.44",421.75,3228.7,0,11166.7,organic,2021,Chicago
21/11/2021 0:00,1.37,"9,316.00",1155.54,8160.47,0,16979.49,organic,2021,Chicago
14/11/2021 0:00,1.33,"10,265.09",1269.79,8995.3,0,18867.36,organic,2021,Chicago
07/11/2021 0:00,1.73,"4,900.05",580.41,4319.64,0,15231.95,organic,2021,Chicago
26/12/2021 0:00,1.48,"189,473.66",96494.04,67108.37,25871.24,192673.04,conventional,2021,Chicago
19/12/2021 0:00,1.4,"210,079.91",115362.9,68624.08,26092.93,167284.04,conventional,2021,Chicago
12/12/2021 0:00,0.91,"265,910.24",140220.18,97737.51,27952.55,184002.68,conventional,2021,Chicago
05/12/2021 0:00,0.8,"306,034.52",153352.85,121533.45,31148.21,167051.86,conventional,2021,Chicago
26/12/2021 0:00,1.62,"2,899.66",281.83,2617.83,0,15429.38,organic,2021,Chicago
19/12/2021 0:00,1.68,"3,611.25",492.51,3118.74,0,15317.06,organic,2021,Chicago
12/12/2021 0:00,1.7,"4,174.00",766.65,3407.36,0,16472.12,organic,2021,Chicago
05/12/2021 0:00,1.69,"5,975.93",823.61,5152.32,0,14588.44,organic,2021,Chicago
04/01/2021 0:00,0.79,"126,825.23",54812.11,67640.42,4372.69,29919.11,conventional,2021,Cincinnati/Dayton
04/01/2021 0:00,1.44,"2,751.30",362.52,2388.78,0,2397.97,organic,2021,Cincinnati/Dayton
10/01/2021 0:00,0.91,"117,087.65",59355.77,54227.92,3503.96,38841.32,conventional,2021,Cincinnati/Dayton
10/01/2021 0:00,1.57,"2,310.62",466.84,1843.79,0,3133.32,organic,2021,Cincinnati/Dayton
17/01/2021 0:00,0.92,"132,420.78",52591.65,76819.19,3009.94,35060.39,conventional,2021,Cincinnati/Dayton
17/01/2021 0:00,1.62,"2,864.77",516.54,2348.24,0,2369.59,organic,2021,Cincinnati/Dayton
24/01/2021 0:00,0.89,"122,767.44",46057.36,74877.09,1832.99,33149.39,conventional,2021,Cincinnati/Dayton
24/01/2021 0:00,1.61,"2,834.82",545.24,2289.58,0,2593.58,organic,2021,Cincinnati/Dayton
31/01/2021 0:00,0.96,"107,993.67",58622.42,48428.29,942.95,34486.43,conventional,2021,Cincinnati/Dayton
31/01/2021 0:00,1.78,"2,783.67",492.84,2290.84,0,3159.32,organic,2021,Cincinnati/Dayton
07/02/2021 0:00,0.82,"140,230.27",64268.23,75312.3,649.75,33958.44,conventional,2021,Cincinnati/Dayton
07/02/2021 0:00,1.55,"2,929.64",405.48,2524.15,0,3460.65,organic,2021,Cincinnati/Dayton
14/02/2021 0:00,0.9,"118,918.91",59653.14,58839.74,426.03,36772.12,conventional,2021,Cincinnati/Dayton
14/02/2021 0:00,1.63,"3,234.17",516.89,2717.28,0,3126.94,organic,2021,Cincinnati/Dayton
21/02/2021 0:00,0.92,"107,704.52",49249.08,58077.72,377.72,38578.69,conventional,2021,Cincinnati/Dayton
21/02/2021 0:00,1.57,"2,544.92",441.86,2103.05,0,3117.3,organic,2021,Cincinnati/Dayton
28/02/2021 0:00,0.92,"126,254.21",54827.04,70927.4,499.77,34908.59,conventional,2021,Cincinnati/Dayton
28/02/2021 0:00,1.63,"2,754.16",377.84,2376.31,0,2840.87,organic,2021,Cincinnati/Dayton
07/03/2021 0:00,0.95,"116,794.88",53776.48,62751.63,266.77,42860.37,conventional,2021,Cincinnati/Dayton
07/03/2021 0:00,1.59,"2,803.88",481.9,2321.97,0,3600.97,organic,2021,Cincinnati/Dayton
14/03/2021 0:00,0.97,"106,023.85",50137.07,55677.06,209.72,38420.79,conventional,2021,Cincinnati/Dayton
14/03/2021 0:00,1.63,"3,040.80",453.37,2587.43,0,2815.77,organic,2021,Cincinnati/Dayton
21/03/2021 0:00,1.03,"110,747.68",47494.11,62979.42,274.15,37072.6,conventional,2021,Cincinnati/Dayton
21/03/2021 0:00,1.63,"2,829.99",511.03,2318.96,0,2754.92,organic,2021,Cincinnati/Dayton
28/03/2021 0:00,1.1,"108,247.45",46772.49,61216.46,258.5,39106.16,conventional,2021,Cincinnati/Dayton
28/03/2021 0:00,1.57,"2,704.58",488.9,2215.68,0,3647.25,organic,2021,Cincinnati/Dayton
04/04/2021 0:00,1.25,"98,141.32",50449.05,47472.42,219.85,42246.73,conventional,2021,Cincinnati/Dayton
04/04/2021 0:00,2.02,"2,819.80",542.69,2277.1,0,3053.17,organic,2021,Cincinnati/Dayton
11/04/2021 0:00,1.25,"86,558.60",49689.48,36667.89,201.22,44105.17,conventional,2021,Cincinnati/Dayton
11/04/2021 0:00,2.15,"2,508.71",564.61,1944.1,0,3431.12,organic,2021,Cincinnati/Dayton
18/04/2021 0:00,1.23,"108,021.64",68285.51,39536.13,200,43909.02,conventional,2021,Cincinnati/Dayton
18/04/2021 0:00,2.14,"2,815.82",711.99,2103.83,0,3667.14,organic,2021,Cincinnati/Dayton
25/04/2021 0:00,1.22,"97,587.67",60943.43,36438.67,205.57,49914.21,conventional,2021,Cincinnati/Dayton
25/04/2021 0:00,2.19,"2,754.97",602.83,2152.14,0,3446.67,organic,2021,Cincinnati/Dayton
02/05/2021 0:00,1.05,"117,258.05",75945.82,41046.4,265.83,39524.53,conventional,2021,Cincinnati/Dayton
02/05/2021 0:00,1.87,"3,185.24",667.82,2517.42,0,2728.28,organic,2021,Cincinnati/Dayton
09/05/2021 0:00,1.01,"127,656.61",95294.31,32225.25,137.06,41709.86,conventional,2021,Cincinnati/Dayton
09/05/2021 0:00,1.95,"3,130.05",630.4,2499.64,0,2901.27,organic,2021,Cincinnati/Dayton
16/05/2021 0:00,0.99,"113,823.83",81229.99,32422.76,171.08,38481.62,conventional,2021,Cincinnati/Dayton
16/05/2021 0:00,1.83,"2,690.39",614.62,2075.77,0,2401.05,organic,2021,Cincinnati/Dayton
13/06/2021 0:00,1.08,"100,157.23",49073.16,50864.7,219.37,44435.5,conventional,2021,Cincinnati/Dayton
06/06/2021 0:00,1.17,"94,144.27",54502.93,39470.2,171.14,41547.15,conventional,2021,Cincinnati/Dayton
30/05/2021 0:00,1.17,"98,525.00",55306.69,42985.91,232.4,42091.91,conventional,2021,Cincinnati/Dayton
23/05/2021 0:00,1.02,"110,088.46",79515.7,30393.8,178.96,44751.92,conventional,2021,Cincinnati/Dayton
13/06/2021 0:00,1.83,"2,546.37",427.8,2118.57,0,2705.69,organic,2021,Cincinnati/Dayton
06/06/2021 0:00,2.19,"2,250.73",464.58,1786.14,0,2597.97,organic,2021,Cincinnati/Dayton
30/05/2021 0:00,2.24,"2,609.22",474.68,2134.53,0,2366.43,organic,2021,Cincinnati/Dayton
23/05/2021 0:00,1.79,"2,853.83",493.55,2360.28,0,3436.67,organic,2021,Cincinnati/Dayton
11/07/2021 0:00,1.16,"93,120.97",50182.11,42742.24,196.63,49129.11,conventional,2021,Cincinnati/Dayton
04/07/2021 0:00,1.21,"97,423.43",49923.3,47269.5,230.64,38015.28,conventional,2021,Cincinnati/Dayton
27/06/2021 0:00,1.24,"94,635.24",50449.69,43911.42,274.12,35212.96,conventional,2021,Cincinnati/Dayton
20/06/2021 0:00,1.12,"108,550.19",47516.33,60780.28,253.59,40705.88,conventional,2021,Cincinnati/Dayton
11/07/2021 0:00,2.24, -   ,0,0,0,1812.64,organic,2021,Cincinnati/Dayton
04/07/2021 0:00,2.23, -   ,0,0,0,1565.8,organic,2021,Cincinnati/Dayton
27/06/2021 0:00,2.21, -   ,0,0,0,1770.24,organic,2021,Cincinnati/Dayton
20/06/2021 0:00,1.83, -   ,0,0,0,2076.36,organic,2021,Cincinnati/Dayton
08/08/2021 0:00,1.16,"87,395.25",52401.35,34785.48,208.42,47325.24,conventional,2021,Cincinnati/Dayton
01/08/2021 0:00,1.16,"82,675.52",46714.46,35793.01,168.06,45686.75,conventional,2021,Cincinnati/Dayton
25/07/2021 0:00,1.02,"101,198.81",42564.62,58412.07,222.12,38798.84,conventional,2021,Cincinnati/Dayton
18/07/2021 0:00,1.01,"111,552.45",46025.37,65311.66,215.42,45293.69,conventional,2021,Cincinnati/Dayton
08/08/2021 0:00,2.17,"2,484.15",395.45,2088.71,0,3275.08,organic,2021,Cincinnati/Dayton
01/08/2021 0:00,2.18,"2,479.01",505.64,1973.36,0,2731.88,organic,2021,Cincinnati/Dayton
25/07/2021 0:00,1.9,"2,078.83",299.37,1779.46,0,3019.2,organic,2021,Cincinnati/Dayton
18/07/2021 0:00,1.97,"2,858.37",454.24,2404.13,0,1532.43,organic,2021,Cincinnati/Dayton
05/09/2021 0:00,1.07,"106,207.21",70038.4,36055,113.82,47563.97,conventional,2021,Cincinnati/Dayton
29/08/2021 0:00,1.2,"94,347.30",48557.67,45586.96,202.66,42473.28,conventional,2021,Cincinnati/Dayton
22/08/2021 0:00,1.04,"103,747.89",44621.66,58981.4,144.83,55862.73,conventional,2021,Cincinnati/Dayton
15/08/2021 0:00,1.03,"110,949.90",46941.61,63693.02,315.27,46470.36,conventional,2021,Cincinnati/Dayton
05/09/2021 0:00,1.87,"2,259.69",451.94,1807.75,0,2366.93,organic,2021,Cincinnati/Dayton
29/08/2021 0:00,2.27,"2,923.78",503.2,2420.59,0,2860.29,organic,2021,Cincinnati/Dayton
22/08/2021 0:00,1.95,"3,831.91",659.63,3172.29,0,2648.54,organic,2021,Cincinnati/Dayton
15/08/2021 0:00,1.93,"2,552.71",367.07,2185.64,0,2061.68,organic,2021,Cincinnati/Dayton
03/10/2021 0:00,1.07,"134,636.92",104389.89,30055.69,191.33,28021.57,conventional,2021,Cincinnati/Dayton
26/09/2021 0:00,1.13,"117,081.96",94698.42,22253.61,129.92,31952.45,conventional,2021,Cincinnati/Dayton
19/09/2021 0:00,1.1,"105,638.00",69594.9,35897.79,145.31,32389.72,conventional,2021,Cincinnati/Dayton
12/09/2021 0:00,1.08,"100,770.22",64802.04,35692.3,275.87,42319.79,conventional,2021,Cincinnati/Dayton
03/10/2021 0:00,2.1,"2,618.29",680.8,1937.49,0,1204.14,organic,2021,Cincinnati/Dayton
26/09/2021 0:00,2.06,"2,282.40",431.29,1851.1,0,1828.16,organic,2021,Cincinnati/Dayton
19/09/2021 0:00,2.02,"2,138.64",406.11,1732.52,0,2756.9,organic,2021,Cincinnati/Dayton
12/09/2021 0:00,1.92,"2,589.17",499.57,2089.59,0,2217.64,organic,2021,Cincinnati/Dayton
31/10/2021 0:00,1.09,"108,185.54",89643.81,18428.4,113.33,30423.8,conventional,2021,Cincinnati/Dayton
24/10/2021 0:00,1.11,"106,580.94",83847.54,22601.99,131.41,29127.65,conventional,2021,Cincinnati/Dayton
17/10/2021 0:00,1.08,"105,299.63",83837,21316.97,145.67,32731.39,conventional,2021,Cincinnati/Dayton
10/10/2021 0:00,1.14,"102,364.23",76635.88,25582.59,145.76,34661.29,conventional,2021,Cincinnati/Dayton
31/10/2021 0:00,1.91,"2,563.82",592.6,1971.22,0,2515.54,organic,2021,Cincinnati/Dayton
24/10/2021 0:00,2.08,"2,307.48",510.79,1796.69,0,1991.7,organic,2021,Cincinnati/Dayton
17/10/2021 0:00,2.03,"1,881.81",485.74,1396.06,0,2013.34,organic,2021,Cincinnati/Dayton
10/10/2021 0:00,2.05,"2,530.94",538.3,1992.65,0,2414.86,organic,2021,Cincinnati/Dayton
28/11/2021 0:00,1.16,"76,039.62",61519.81,14424.73,95.08,27139.52,conventional,2021,Cincinnati/Dayton
21/11/2021 0:00,1.08,"93,833.16",78137.29,15589.67,106.2,32273.91,conventional,2021,Cincinnati/Dayton
14/11/2021 0:00,1.04,"105,879.71",87681.77,18086.75,111.21,50655.05,conventional,2021,Cincinnati/Dayton
07/11/2021 0:00,1.05,"98,459.49",76951.41,21382.41,125.67,61281.58,conventional,2021,Cincinnati/Dayton
28/11/2021 0:00,2.23,"1,900.89",437.69,1463.2,0,2215.9,organic,2021,Cincinnati/Dayton
21/11/2021 0:00,1.89,"2,494.43",537.77,1956.67,0,2600.27,organic,2021,Cincinnati/Dayton
14/11/2021 0:00,1.91,"2,624.67",549.34,2075.33,0,2480.34,organic,2021,Cincinnati/Dayton
07/11/2021 0:00,1.93,"2,535.14",557.4,1977.75,0,2207.33,organic,2021,Cincinnati/Dayton
26/12/2021 0:00,1.22,"72,761.99",54609.96,18034.16,117.86,33562.8,conventional,2021,Cincinnati/Dayton
19/12/2021 0:00,1.19,"80,998.48",61758.98,19084.49,155.02,30750.7,conventional,2021,Cincinnati/Dayton
12/12/2021 0:00,1.06,"92,485.64",76596.9,15754.93,133.81,36619.33,conventional,2021,Cincinnati/Dayton
05/12/2021 0:00,1.01,"107,093.30",92119.14,14861.71,112.45,33659.06,conventional,2021,Cincinnati/Dayton
26/12/2021 0:00,2.18,"1,858.48",271.81,1586.67,0,2263.6,organic,2021,Cincinnati/Dayton
19/12/2021 0:00,2.28,"1,862.81",363.36,1499.44,0,1781.4,organic,2021,Cincinnati/Dayton
12/12/2021 0:00,2.04,"2,124.56",451.15,1673.41,0,2380.1,organic,2021,Cincinnati/Dayton
05/12/2021 0:00,2.05,"2,416.22",589.97,1826.25,0,2182.87,organic,2021,Cincinnati/Dayton
04/01/2021 0:00,0.8,"105,931.42",50051.11,55321.61,558.7,37631.57,conventional,2021,Columbus
04/01/2021 0:00,1.45,"1,553.32",550.43,1002.89,0,2443.31,organic,2021,Columbus
10/01/2021 0:00,0.9,"91,760.53",52517.59,38836.6,406.35,51343.63,conventional,2021,Columbus
10/01/2021 0:00,1.59,"1,849.71",664,1185.71,0,3511.46,organic,2021,Columbus
17/01/2021 0:00,0.84,"113,540.75",54790.65,58331.87,418.22,44677.44,conventional,2021,Columbus
17/01/2021 0:00,1.58,"2,406.56",1158.14,1248.42,0,3213.75,organic,2021,Columbus
24/01/2021 0:00,0.91,"104,834.58",47944.59,56449.76,440.23,44952.58,conventional,2021,Columbus
24/01/2021 0:00,1.62,"2,544.33",1546.29,998.04,0,2985.21,organic,2021,Columbus
31/01/2021 0:00,0.96,"86,382.45",48429.56,37690.88,262.01,45872.34,conventional,2021,Columbus
31/01/2021 0:00,1.69,"1,665.98",704.52,961.46,0,3612.64,organic,2021,Columbus
07/02/2021 0:00,0.79,"116,827.88",57803.37,58761.49,263.02,43136.09,conventional,2021,Columbus
07/02/2021 0:00,1.55,"1,777.29",738.63,1038.66,0,3424.87,organic,2021,Columbus
14/02/2021 0:00,0.88,"92,142.34",47171.25,44796.84,174.24,47297.75,conventional,2021,Columbus
14/02/2021 0:00,1.55,"1,623.24",693.94,929.3,0,3859.46,organic,2021,Columbus
21/02/2021 0:00,0.9,"90,683.51",46428.57,44095.91,159.02,51897.61,conventional,2021,Columbus
21/02/2021 0:00,1.55,"1,862.76",837.38,1025.38,0,3697.18,organic,2021,Columbus
28/02/2021 0:00,0.85,"103,678.95",47928.73,55475.93,274.28,45640.48,conventional,2021,Columbus
28/02/2021 0:00,1.58,"1,622.39",644.29,978.1,0,3610.68,organic,2021,Columbus
07/03/2021 0:00,0.87,"89,769.65",43328.07,46321.12,120.47,56182.86,conventional,2021,Columbus
07/03/2021 0:00,1.51,"1,494.47",510.76,983.71,0,4253.35,organic,2021,Columbus
14/03/2021 0:00,0.95,"80,460.13",41502.85,38821.54,135.74,49786.19,conventional,2021,Columbus
14/03/2021 0:00,1.59,"1,651.13",576.97,1074.17,0,3428.44,organic,2021,Columbus
21/03/2021 0:00,0.97,"85,874.56",42613.92,43126.21,134.42,45936.15,conventional,2021,Columbus
21/03/2021 0:00,1.58,"1,611.84",589.91,1021.94,0,3203.21,organic,2021,Columbus
28/03/2021 0:00,1.11,"79,166.91",36642.07,42428.69,96.15,46929.7,conventional,2021,Columbus
28/03/2021 0:00,1.53,"1,374.97",465.73,909.23,0,3890.14,organic,2021,Columbus
04/04/2021 0:00,1.23,"74,930.52",39376.47,35453.85,100.2,50018.58,conventional,2021,Columbus
04/04/2021 0:00,1.85,"1,371.37",467.44,903.93,0,3674.83,organic,2021,Columbus
11/04/2021 0:00,1.14,"74,713.10",49959.61,24671.16,82.33,51832.45,conventional,2021,Columbus
11/04/2021 0:00,1.92,"1,908.36",965.92,942.44,0,3700.68,organic,2021,Columbus
18/04/2021 0:00,1.19,"80,115.27",53177.28,26852.62,85.37,54897.88,conventional,2021,Columbus
18/04/2021 0:00,1.94,"1,878.71",769.1,1109.61,0,4524.23,organic,2021,Columbus
25/04/2021 0:00,1.16,"76,794.57",51852.22,24881.38,60.98,58297.63,conventional,2021,Columbus
25/04/2021 0:00,1.98,"1,681.95",596.51,1085.44,0,4055.9,organic,2021,Columbus
02/05/2021 0:00,0.97,"100,192.30",70340.29,29723.92,128.09,46537.66,conventional,2021,Columbus
02/05/2021 0:00,1.75,"1,882.58",833.22,1049.36,0,3717.9,organic,2021,Columbus
09/05/2021 0:00,0.96,"102,316.74",79867.73,22346.32,102.69,47310.58,conventional,2021,Columbus
09/05/2021 0:00,1.72,"1,556.22",601.37,954.84,0,3520.51,organic,2021,Columbus
16/05/2021 0:00,0.95,"89,985.60",65609.49,24267.69,108.42,45010.79,conventional,2021,Columbus
16/05/2021 0:00,1.62,"1,391.27",535.85,855.43,0,3346.88,organic,2021,Columbus
13/06/2021 0:00,1.07,"78,622.82",42157.03,36348.04,117.75,53811.94,conventional,2021,Columbus
06/06/2021 0:00,1.18,"73,537.41",46343.03,27050.42,143.96,48955.04,conventional,2021,Columbus
30/05/2021 0:00,1.22,"78,280.85",43054.81,35089.42,136.62,49769.79,conventional,2021,Columbus
23/05/2021 0:00,0.98,"85,235.33",61213.91,23932.37,89.03,52527.94,conventional,2021,Columbus
13/06/2021 0:00,1.72,"1,580.51",547.06,1033.45,0,3725.28,organic,2021,Columbus
06/06/2021 0:00,1.99,"1,680.93",687.47,993.46,0,3271.56,organic,2021,Columbus
30/05/2021 0:00,2,"1,499.00",632.8,866.2,0,3246.64,organic,2021,Columbus
23/05/2021 0:00,1.6,"1,603.54",651.62,951.92,0,3471.05,organic,2021,Columbus
11/07/2021 0:00,1.06,"74,650.80",43820.04,30671.27,159.5,57289.17,conventional,2021,Columbus
04/07/2021 0:00,1.18,"78,197.38",42501.01,35479.5,216.88,44926.69,conventional,2021,Columbus
27/06/2021 0:00,1.16,"71,147.24",43529.4,27486.2,131.64,42256.72,conventional,2021,Columbus
20/06/2021 0:00,1.13,"83,152.51",38044.65,44911.58,196.28,48782.84,conventional,2021,Columbus
11/07/2021 0:00,2.03, -   ,0,0,0,2089.54,organic,2021,Columbus
04/07/2021 0:00,2.01, -   ,0,0,0,2543.26,organic,2021,Columbus
27/06/2021 0:00,1.56, -   ,0,0,0,2636.86,organic,2021,Columbus
20/06/2021 0:00,1.68,-0.01,0,0,0,2841.96,organic,2021,Columbus
08/08/2021 0:00,1.09,"68,914.13",45133.55,23673.43,107.14,54888.21,conventional,2021,Columbus
01/08/2021 0:00,1.12,"63,653.92",38407.2,25054.83,191.9,57048.49,conventional,2021,Columbus
25/07/2021 0:00,1.03,"80,559.18",32345.74,47961.43,252.02,43955.28,conventional,2021,Columbus
18/07/2021 0:00,0.99,"90,958.33",36770.03,53974.38,213.92,58123.45,conventional,2021,Columbus
08/08/2021 0:00,1.96,"1,492.95",560.24,932.71,0,3628.3,organic,2021,Columbus
01/08/2021 0:00,1.99,"1,490.77",509.65,981.12,0,3110.54,organic,2021,Columbus
25/07/2021 0:00,1.91,"1,341.14",482.81,858.33,0,2516.22,organic,2021,Columbus
18/07/2021 0:00,1.92,"1,459.68",512.69,946.99,0,1429.13,organic,2021,Columbus
05/09/2021 0:00,1.05,"85,686.87",58874.38,26681.42,131.07,50870.25,conventional,2021,Columbus
29/08/2021 0:00,1.16,"74,319.54",41407.49,32791.53,120.51,49047.17,conventional,2021,Columbus
22/08/2021 0:00,0.98,"75,076.79",36350.21,38607.76,118.82,63426.82,conventional,2021,Columbus
15/08/2021 0:00,1.01,"90,955.85",38785.47,51959.12,211.26,53518.02,conventional,2021,Columbus
05/09/2021 0:00,1.82,"1,539.58",623.26,916.31,0,2777.79,organic,2021,Columbus
29/08/2021 0:00,2.01,"1,707.43",627.26,1080.17,0,3566.65,organic,2021,Columbus
22/08/2021 0:00,1.76,"1,811.05",689.33,1121.71,0,3537.91,organic,2021,Columbus
15/08/2021 0:00,1.81,"1,358.08",505.66,852.41,0,3338.1,organic,2021,Columbus
03/10/2021 0:00,1.05,"95,834.79",76339.11,19407.3,88.38,33934.74,conventional,2021,Columbus
26/09/2021 0:00,1.05,"74,500.13",63668,10773.22,58.91,35706.29,conventional,2021,Columbus
19/09/2021 0:00,1.09,"85,147.80",58092.11,26903.6,152.08,34332.66,conventional,2021,Columbus
12/09/2021 0:00,1,"85,423.65",56232.95,28993.08,197.62,46577.54,conventional,2021,Columbus
03/10/2021 0:00,1.81,"1,493.58",638.04,855.54,0,2410.86,organic,2021,Columbus
26/09/2021 0:00,1.59,"1,634.27",744.44,889.82,0,2421.56,organic,2021,Columbus
19/09/2021 0:00,1.77,"1,760.94",876.34,884.59,0,2845.73,organic,2021,Columbus
12/09/2021 0:00,1.88,"1,457.91",598.01,859.9,0,2420.68,organic,2021,Columbus
31/10/2021 0:00,1.02,"89,849.75",77976.55,11776.5,96.7,33491.68,conventional,2021,Columbus
24/10/2021 0:00,1.09,"85,774.45",70205.64,15465.02,103.79,31868.58,conventional,2021,Columbus
17/10/2021 0:00,1.07,"89,759.52",74711.58,14955.93,92.01,34222.98,conventional,2021,Columbus
10/10/2021 0:00,1.04,"81,533.56",66402.98,15063.26,67.32,34509.52,conventional,2021,Columbus
31/10/2021 0:00,1.4,"1,452.34",503.7,948.64,0,2731.19,organic,2021,Columbus
24/10/2021 0:00,1.86,"1,569.74",793.07,776.66,0,2532.2,organic,2021,Columbus
17/10/2021 0:00,1.82,"1,402.97",626.18,776.8,0,2622.22,organic,2021,Columbus
10/10/2021 0:00,1.78,"1,569.68",721.93,847.75,0,2797.63,organic,2021,Columbus
28/11/2021 0:00,1.15,"67,266.28",57017.43,10176.22,72.63,32926.74,conventional,2021,Columbus
21/11/2021 0:00,1.05,"80,398.40",70305.73,10028.66,64.01,39414.5,conventional,2021,Columbus
14/11/2021 0:00,1.02,"86,615.87",75818.67,10722.1,75.1,55753.15,conventional,2021,Columbus
07/11/2021 0:00,1.04,"82,593.53",67552.15,14953.39,88.01,54574.06,conventional,2021,Columbus
28/11/2021 0:00,2.01,937.14,229,708.14,0,2448.87,organic,2021,Columbus
21/11/2021 0:00,1.79,"1,225.12",290.11,935.02,0,2787.29,organic,2021,Columbus
14/11/2021 0:00,1.84,"1,189.34",295.4,893.94,0,2554.75,organic,2021,Columbus
07/11/2021 0:00,1.84,"1,297.21",338.41,958.8,0,2798.55,organic,2021,Columbus
26/12/2021 0:00,1.15,"60,346.08",48399.91,11860.43,85.74,36058.95,conventional,2021,Columbus
19/12/2021 0:00,1.18,"68,139.53",55197.37,12785.35,156.81,36996.11,conventional,2021,Columbus
12/12/2021 0:00,1.06,"79,005.73",68595.41,10306.08,104.24,41851.43,conventional,2021,Columbus
05/12/2021 0:00,0.96,"95,954.77",86764.52,9074.55,115.71,36765.87,conventional,2021,Columbus
26/12/2021 0:00,1.95,880.86,289.1,591.75,0,2471.18,organic,2021,Columbus
19/12/2021 0:00,2.02,891.76,212.71,679.05,0,2184.18,organic,2021,Columbus
12/12/2021 0:00,1.78,991.05,288.94,702.11,0,2608.12,organic,2021,Columbus
05/12/2021 0:00,1.81,"1,271.68",327.91,943.77,0,2478.82,organic,2021,Columbus
04/01/2021 0:00,0.65,"801,575.62",506303.66,270772.43,24499.53,434926.55,conventional,2021,Dallas/Ft. Worth
04/01/2021 0:00,1.37,"4,331.16",4010.78,80.1,240.29,25757.86,organic,2021,Dallas/Ft. Worth
10/01/2021 0:00,0.6,"798,772.42",589484.81,197950.35,11337.27,723046.67,conventional,2021,Dallas/Ft. Worth
10/01/2021 0:00,1.29,"15,206.32",4683.26,1031.9,9491.15,28779.82,organic,2021,Dallas/Ft. Worth
17/01/2021 0:00,0.69,"775,534.74",604627.11,155013.25,15894.39,456482.62,conventional,2021,Dallas/Ft. Worth
17/01/2021 0:00,1.42,"6,072.96",3869.31,154.78,2048.88,30001.04,organic,2021,Dallas/Ft. Worth
24/01/2021 0:00,0.68,"753,271.36",557287.94,184557.3,11426.12,454591.44,conventional,2021,Dallas/Ft. Worth
24/01/2021 0:00,1.15,"8,245.98",5066.28,2728.9,450.81,30631.73,organic,2021,Dallas/Ft. Worth
31/01/2021 0:00,0.7,"750,795.28",558059.88,180066.49,12668.91,459623.23,conventional,2021,Dallas/Ft. Worth
31/01/2021 0:00,1.41,"5,275.77",3218.63,1785.57,271.58,31010.74,organic,2021,Dallas/Ft. Worth
07/02/2021 0:00,0.66,"882,177.74",630568.24,221864.15,29745.35,636796.92,conventional,2021,Dallas/Ft. Worth
07/02/2021 0:00,1.39,"4,068.93",3078.79,721.37,268.77,30900.12,organic,2021,Dallas/Ft. Worth
14/02/2021 0:00,0.72,"936,260.12",691164.73,230902.54,14192.85,500530.09,conventional,2021,Dallas/Ft. Worth
14/02/2021 0:00,1.38,"6,338.67",4024.44,1847.07,467.16,30909.83,organic,2021,Dallas/Ft. Worth
21/02/2021 0:00,0.73,"551,551.80",402287.84,143694.79,5569.16,379717.74,conventional,2021,Dallas/Ft. Worth
21/02/2021 0:00,1.42,"11,137.77",3029.71,2029.23,6078.83,15257.39,organic,2021,Dallas/Ft. Worth
28/02/2021 0:00,0.71,"753,174.82",549142.87,189412.18,14619.77,468740,conventional,2021,Dallas/Ft. Worth
28/02/2021 0:00,1.43,"5,691.76",3027,819.34,1845.42,26852.38,organic,2021,Dallas/Ft. Worth
07/03/2021 0:00,0.72,"797,201.73",587850.65,188774.37,20576.72,450267.09,conventional,2021,Dallas/Ft. Worth
07/03/2021 0:00,1.37,"3,878.22",2704.89,907.41,265.92,25668.77,organic,2021,Dallas/Ft. Worth
14/03/2021 0:00,0.74,"749,496.34",542251.31,192979.63,14265.41,497554.8,conventional,2021,Dallas/Ft. Worth
14/03/2021 0:00,1.38,"4,176.28",3085.02,870.72,220.53,28799.17,organic,2021,Dallas/Ft. Worth
21/03/2021 0:00,0.74,"799,840.05",553175.51,221145.92,25518.63,437784.95,conventional,2021,Dallas/Ft. Worth
21/03/2021 0:00,1.33,"3,552.74",2706.41,643.31,203.02,31101.01,organic,2021,Dallas/Ft. Worth
28/03/2021 0:00,0.87,"665,565.57",476618.29,177652.14,11295.13,454589.8,conventional,2021,Dallas/Ft. Worth
28/03/2021 0:00,1.53,"3,628.32",2525.03,807.46,295.82,31649.05,organic,2021,Dallas/Ft. Worth
04/04/2021 0:00,0.87,"692,513.76",515634.9,164776.06,12102.8,500392.51,conventional,2021,Dallas/Ft. Worth
04/04/2021 0:00,1.54,"3,777.10",3098.32,506.86,171.92,30920.25,organic,2021,Dallas/Ft. Worth
11/04/2021 0:00,0.9,"640,610.16",492467.04,137654.98,10488.14,453304.15,conventional,2021,Dallas/Ft. Worth
11/04/2021 0:00,1.48,"5,110.56",4389.2,451.64,269.71,31780.12,organic,2021,Dallas/Ft. Worth
18/04/2021 0:00,0.9,"693,273.25",541102.25,142029.84,10141.16,459097.75,conventional,2021,Dallas/Ft. Worth
18/04/2021 0:00,1.44,"5,332.54",4842.54,476.01,14,33983.81,organic,2021,Dallas/Ft. Worth
25/04/2021 0:00,0.87,"724,693.34",585129.7,127591.1,11972.54,430128.69,conventional,2021,Dallas/Ft. Worth
25/04/2021 0:00,1.45,"9,673.49",9038.81,634.68,0,35767.99,organic,2021,Dallas/Ft. Worth
02/05/2021 0:00,0.93,"692,471.97",532206.32,147356.07,12909.58,438568.61,conventional,2021,Dallas/Ft. Worth
02/05/2021 0:00,1.51,"7,293.25",6758.78,534.47,0,33856.43,organic,2021,Dallas/Ft. Worth
09/05/2021 0:00,0.93,"732,583.93",572748.87,140840.22,18994.84,412577.38,conventional,2021,Dallas/Ft. Worth
09/05/2021 0:00,1.48,"5,012.93",4697.83,315.09,0,33863.3,organic,2021,Dallas/Ft. Worth
16/05/2021 0:00,0.9,"702,821.41",521851.85,164419.64,16549.92,428772.11,conventional,2021,Dallas/Ft. Worth
16/05/2021 0:00,1.48,"6,131.29",5713.08,418.21,0,30901.51,organic,2021,Dallas/Ft. Worth
13/06/2021 0:00,0.78,"753,749.23",551051.09,190119.46,12578.68,606690.92,conventional,2021,Dallas/Ft. Worth
06/06/2021 0:00,0.86,"741,239.31",523474.83,206993.91,10770.57,431782.64,conventional,2021,Dallas/Ft. Worth
30/05/2021 0:00,0.9,"707,890.45",520233.52,172970.9,14686.04,442567.96,conventional,2021,Dallas/Ft. Worth
23/05/2021 0:00,0.87,"674,291.98",481371.52,180821.61,12098.84,419089.84,conventional,2021,Dallas/Ft. Worth
13/06/2021 0:00,1.52,"3,093.30",2929.16,164.13,0,32046.03,organic,2021,Dallas/Ft. Worth
06/06/2021 0:00,1.51,"2,762.75",2545.93,216.83,0,33752.43,organic,2021,Dallas/Ft. Worth
30/05/2021 0:00,1.51,"3,150.16",2920.46,229.69,0,32848.34,organic,2021,Dallas/Ft. Worth
23/05/2021 0:00,1.48,"3,442.92",3241.97,200.96,0,31830.97,organic,2021,Dallas/Ft. Worth
11/07/2021 0:00,0.8,"722,512.69",553534.94,147059.99,21917.76,483283.84,conventional,2021,Dallas/Ft. Worth
04/07/2021 0:00,0.87,"792,757.17",609569.85,156755.38,26431.95,455472.48,conventional,2021,Dallas/Ft. Worth
27/06/2021 0:00,0.85,"774,657.73",566082.94,191470.73,17104.06,423893.89,conventional,2021,Dallas/Ft. Worth
20/06/2021 0:00,0.85,"759,601.12",542621.23,203872.1,13107.79,438467.19,conventional,2021,Dallas/Ft. Worth
11/07/2021 0:00,1.51,-0.01,0,0,0,23594.56,organic,2021,Dallas/Ft. Worth
04/07/2021 0:00,1.53, -   ,0,0,0,30407.45,organic,2021,Dallas/Ft. Worth
27/06/2021 0:00,1.51, -   ,0,0,0,29151.64,organic,2021,Dallas/Ft. Worth
20/06/2021 0:00,1.5, -   ,0,0,0,31759.3,organic,2021,Dallas/Ft. Worth
08/08/2021 0:00,0.76,"682,078.53",528875.95,133198.81,20003.77,478667.22,conventional,2021,Dallas/Ft. Worth
01/08/2021 0:00,0.84,"623,793.14",426967.52,178073.6,18752.02,450269.34,conventional,2021,Dallas/Ft. Worth
25/07/2021 0:00,0.76,"711,978.11",535270.45,155523.95,21183.7,471774.8,conventional,2021,Dallas/Ft. Worth
18/07/2021 0:00,0.76,"736,391.85",560893.95,156150.02,19347.89,437894.8,conventional,2021,Dallas/Ft. Worth
08/08/2021 0:00,1.53,"6,933.34",6514.03,419.31,0,25958.18,organic,2021,Dallas/Ft. Worth
01/08/2021 0:00,1.54,"5,954.97",5716.55,238.42,0,24480.12,organic,2021,Dallas/Ft. Worth
25/07/2021 0:00,1.52,"4,815.64",4575.86,239.78,0,25580.81,organic,2021,Dallas/Ft. Worth
18/07/2021 0:00,1.46,"3,985.80",3847.35,138.46,0,26677.09,organic,2021,Dallas/Ft. Worth
05/09/2021 0:00,0.82,"636,281.01",497325.23,117868.67,21087.12,524401.1,conventional,2021,Dallas/Ft. Worth
29/08/2021 0:00,0.79,"647,949.25",505677.01,120699.43,21572.82,425233.82,conventional,2021,Dallas/Ft. Worth
22/08/2021 0:00,0.73,"599,389.55",456833.52,129532.1,13023.93,688285.67,conventional,2021,Dallas/Ft. Worth
15/08/2021 0:00,0.75,"701,674.84",558068.17,122436.74,21169.93,388315.28,conventional,2021,Dallas/Ft. Worth
05/09/2021 0:00,1.51,"6,109.29",5597.7,511.59,0,27475.8,organic,2021,Dallas/Ft. Worth
29/08/2021 0:00,1.37,"5,721.83",5384.71,337.11,0,28738.15,organic,2021,Dallas/Ft. Worth
22/08/2021 0:00,1.45,"3,758.42",3549.2,209.21,0,22147.97,organic,2021,Dallas/Ft. Worth
15/08/2021 0:00,1.54,"5,446.78",5089.97,356.8,0,18166.96,organic,2021,Dallas/Ft. Worth
03/10/2021 0:00,0.92,"509,472.17",406291.2,85446.27,17734.7,351201.94,conventional,2021,Dallas/Ft. Worth
26/09/2021 0:00,0.87,"629,784.66",488592.81,123351.99,17839.86,479082.72,conventional,2021,Dallas/Ft. Worth
19/09/2021 0:00,0.92,"610,250.97",464838.71,128917.39,16494.87,430798.34,conventional,2021,Dallas/Ft. Worth
12/09/2021 0:00,0.88,"599,603.18",451659.33,129676.11,18267.74,469559.1,conventional,2021,Dallas/Ft. Worth
03/10/2021 0:00,1.4,"5,311.51",5089.41,222.1,0,30058.33,organic,2021,Dallas/Ft. Worth
26/09/2021 0:00,1.46,"5,071.82",4894.88,176.94,0,30456.06,organic,2021,Dallas/Ft. Worth
19/09/2021 0:00,1.4,"4,694.99",4488.46,206.53,0,30752.21,organic,2021,Dallas/Ft. Worth
12/09/2021 0:00,1.5,"4,417.35",4155.5,261.85,0,27850.64,organic,2021,Dallas/Ft. Worth
31/10/2021 0:00,0.78,"492,251.23",396060.13,84841.58,11349.53,667249.72,conventional,2021,Dallas/Ft. Worth
24/10/2021 0:00,0.95,"475,196.48",381807.64,81496.39,11892.45,394304.16,conventional,2021,Dallas/Ft. Worth
17/10/2021 0:00,0.95,"539,829.63",440098.51,84356.92,15374.2,331667.21,conventional,2021,Dallas/Ft. Worth
10/10/2021 0:00,0.92,"550,798.13",456937.49,79086.88,14773.77,364653.88,conventional,2021,Dallas/Ft. Worth
31/10/2021 0:00,1.49,"5,651.77",5316.27,334.14,1.36,26555.56,organic,2021,Dallas/Ft. Worth
24/10/2021 0:00,1.48,"5,092.97",4725.99,366.99,0,27497.16,organic,2021,Dallas/Ft. Worth
17/10/2021 0:00,1.47,"4,276.71",4072.68,204.04,0,25431.51,organic,2021,Dallas/Ft. Worth
10/10/2021 0:00,1.47,"7,136.02",6825.61,310.42,0,27189.62,organic,2021,Dallas/Ft. Worth
28/11/2021 0:00,0.83,"405,463.09",296895.92,99429.66,9137.5,457968.16,conventional,2021,Dallas/Ft. Worth
21/11/2021 0:00,0.87,"451,380.17",354187.98,86454.39,10737.8,361042.57,conventional,2021,Dallas/Ft. Worth
14/11/2021 0:00,0.82,"496,010.50",407164.65,78852.43,9993.42,470408.23,conventional,2021,Dallas/Ft. Worth
07/11/2021 0:00,0.9,"468,325.40",373573.91,83022.68,11728.8,392306.44,conventional,2021,Dallas/Ft. Worth
28/11/2021 0:00,1.52,"3,080.36",2872.93,207.43,0,24780.32,organic,2021,Dallas/Ft. Worth
21/11/2021 0:00,1.51,"3,725.21",3497.38,227.82,0,27747.59,organic,2021,Dallas/Ft. Worth
14/11/2021 0:00,1.48,"4,379.66",4120.54,259.12,0,32660,organic,2021,Dallas/Ft. Worth
07/11/2021 0:00,1.46,"5,521.36",5151.03,370.32,0,32095.55,organic,2021,Dallas/Ft. Worth
26/12/2021 0:00,0.89,"407,672.46",297577.95,99084.73,11009.77,431010.98,conventional,2021,Dallas/Ft. Worth
19/12/2021 0:00,0.88,"452,857.52",326487.92,117263.42,9106.18,377021.1,conventional,2021,Dallas/Ft. Worth
12/12/2021 0:00,0.87,"490,650.76",344747.02,136441.39,9462.35,430553.1,conventional,2021,Dallas/Ft. Worth
05/12/2021 0:00,0.89,"493,141.77",344246.94,138873.45,10021.39,354945.95,conventional,2021,Dallas/Ft. Worth
26/12/2021 0:00,1.47,"3,845.47",3664.24,181.22,0,27826.82,organic,2021,Dallas/Ft. Worth
19/12/2021 0:00,1.5,"3,518.26",3367.88,150.39,0,27979.81,organic,2021,Dallas/Ft. Worth
12/12/2021 0:00,1.51,"3,938.06",3657.53,280.53,0,28736.8,organic,2021,Dallas/Ft. Worth
05/12/2021 0:00,1.54,"3,884.65",3589.31,295.35,0,28434.11,organic,2021,Dallas/Ft. Worth
04/01/2021 0:00,0.85,"346,319.49",203293.93,140360.77,2664.79,235530.22,conventional,2021,Denver
04/01/2021 0:00,1.33,"4,770.45",3864.64,905.81,0,11222.93,organic,2021,Denver
10/01/2021 0:00,0.96,"305,707.55",173734.3,129158.38,2814.86,295163.07,conventional,2021,Denver
10/01/2021 0:00,1.24,"7,201.05",6257.5,943.56,0,13427.4,organic,2021,Denver
17/01/2021 0:00,0.9,"333,482.96",200187.12,131045.16,2250.69,251775.79,conventional,2021,Denver
17/01/2021 0:00,1.38,"4,267.32",3570.17,697.15,0,11434.11,organic,2021,Denver
24/01/2021 0:00,0.93,"303,171.41",191985.22,108264.66,2921.53,281556.26,conventional,2021,Denver
24/01/2021 0:00,1.41,"4,963.68",4208.39,755.28,0,11460.75,organic,2021,Denver
31/01/2021 0:00,0.98,"286,747.86",198784.14,85062.98,2900.75,301435.49,conventional,2021,Denver
31/01/2021 0:00,1.45,"4,825.05",4068.67,756.38,0,10914.23,organic,2021,Denver
07/02/2021 0:00,0.89,"383,539.51",247833.61,133238.78,2467.11,299597.41,conventional,2021,Denver
07/02/2021 0:00,1.27,"5,919.20",4907.24,1011.96,0,11119.63,organic,2021,Denver
14/02/2021 0:00,0.9,"348,487.55",225020.29,120882.28,2584.98,281289.9,conventional,2021,Denver
14/02/2021 0:00,1.37,"4,810.69",4067.59,743.1,0,11400.77,organic,2021,Denver
21/02/2021 0:00,0.94,"332,362.99",182397.83,147158.79,2806.36,247773.08,conventional,2021,Denver
21/02/2021 0:00,1.28,"5,773.56",4824.99,948.57,0,11594.1,organic,2021,Denver
28/02/2021 0:00,0.91,"305,864.48",161614.89,142005.57,2244.02,264430.23,conventional,2021,Denver
28/02/2021 0:00,1.39,"4,364.55",3539.67,824.89,0,11756.62,organic,2021,Denver
07/03/2021 0:00,0.97,"292,232.79",175832.7,113474.24,2925.86,284783.12,conventional,2021,Denver
07/03/2021 0:00,1.38,"4,438.23",3663.9,774.33,0,11826.57,organic,2021,Denver
14/03/2021 0:00,1.01,"349,791.10",232038.79,114270.23,3482.07,366726.69,conventional,2021,Denver
14/03/2021 0:00,1.39,"5,900.13",5056.84,843.3,0,14370.21,organic,2021,Denver
21/03/2021 0:00,1.04,"206,218.50",123827.21,79432.02,2959.28,190705.69,conventional,2021,Denver
21/03/2021 0:00,1.48,"4,715.98",4000.94,715.04,0,8788.04,organic,2021,Denver
28/03/2021 0:00,1.03,"285,195.85",172212.66,110258.93,2724.26,253012.63,conventional,2021,Denver
28/03/2021 0:00,1.49,"3,593.69",2881.47,712.23,0,11702.42,organic,2021,Denver
04/04/2021 0:00,1.21,"253,264.68",167342.12,82419.88,3502.68,341140.32,conventional,2021,Denver
04/04/2021 0:00,1.68,"4,862.41",4271.28,591.12,0,11333.87,organic,2021,Denver
11/04/2021 0:00,1.19,"255,134.87",186302.64,65830.87,3001.36,258659.45,conventional,2021,Denver
11/04/2021 0:00,1.78,"6,955.73",6121.42,834.3,0,9255.11,organic,2021,Denver
18/04/2021 0:00,1.22,"253,254.35",186922.74,63109.33,3222.28,275420.07,conventional,2021,Denver
18/04/2021 0:00,1.76,"8,141.97",7278.32,863.66,0,10367.31,organic,2021,Denver
25/04/2021 0:00,1.19,"255,311.71",191969.88,60182.49,3159.34,291326.22,conventional,2021,Denver
25/04/2021 0:00,1.72,"8,026.70",7203.12,823.58,0,10557.88,organic,2021,Denver
02/05/2021 0:00,1.13,"237,907.32",174681.38,60857.57,2368.38,257990.54,conventional,2021,Denver
02/05/2021 0:00,1.28,"24,767.63",23631.24,1136.39,0,13607.08,organic,2021,Denver
09/05/2021 0:00,1.22,"235,511.60",160924.39,71301.2,3286.02,288073.47,conventional,2021,Denver
09/05/2021 0:00,1.27,"22,584.52",21406.85,1177.66,0,13296.54,organic,2021,Denver
16/05/2021 0:00,1.02,"260,229.29",156203.02,100897.45,3128.82,235863.31,conventional,2021,Denver
16/05/2021 0:00,1.42,"5,325.95",4625.78,700.16,0,12029.85,organic,2021,Denver
13/06/2021 0:00,1.18,"226,653.96",146970.48,75532.45,4151.02,296329.92,conventional,2021,Denver
06/06/2021 0:00,1.19,"237,961.39",154268.63,79670.84,4021.92,275764.57,conventional,2021,Denver
30/05/2021 0:00,1.18,"235,916.11",149066.07,83776.29,3073.76,283764.6,conventional,2021,Denver
23/05/2021 0:00,1.08,"236,619.71",138473.96,95299.48,2846.27,284920.78,conventional,2021,Denver
13/06/2021 0:00,1.76,"4,116.73",2392.93,1723.8,0,14016.58,organic,2021,Denver
06/06/2021 0:00,1.76,"3,947.74",1546.25,2401.5,0,14011.2,organic,2021,Denver
30/05/2021 0:00,1.75,"4,277.26",1941.03,2336.23,0,12767.48,organic,2021,Denver
23/05/2021 0:00,1.59,"4,046.51",2581.97,1464.54,0,12629.79,organic,2021,Denver
11/07/2021 0:00,1.01,"282,647.46",168785.96,110107.51,3753.99,294844.67,conventional,2021,Denver
04/07/2021 0:00,1.12,"275,759.14",176663.8,95984.36,3110.98,280260.97,conventional,2021,Denver
27/06/2021 0:00,1.12,"248,868.85",159750.15,85500.86,3617.84,270513.34,conventional,2021,Denver
20/06/2021 0:00,1.09,"274,270.83",195427.39,75334.4,3509.03,276905.54,conventional,2021,Denver
11/07/2021 0:00,1.76, -   ,0,0,0,6689.42,organic,2021,Denver
04/07/2021 0:00,1.82,-0.01,0,0,0,10335.02,organic,2021,Denver
27/06/2021 0:00,1.74, -   ,0,0,0,12677.7,organic,2021,Denver
20/06/2021 0:00,1.75,-0.01,0,0,0,11732.44,organic,2021,Denver
08/08/2021 0:00,1.11,"227,705.40",153593.18,70610.5,3501.72,253425.91,conventional,2021,Denver
01/08/2021 0:00,0.97,"238,020.77",130437.52,103281.1,4302.15,253485.66,conventional,2021,Denver
25/07/2021 0:00,1.01,"256,797.78",152802.87,101045.18,2949.74,256582.05,conventional,2021,Denver
18/07/2021 0:00,0.94,"248,153.05",155419.51,90164.79,2568.75,276896.97,conventional,2021,Denver
08/08/2021 0:00,1.79,"4,437.69",3440.74,996.96,0,8003.89,organic,2021,Denver
01/08/2021 0:00,1.8,"3,115.60",2158.56,957.04,0,6926.59,organic,2021,Denver
25/07/2021 0:00,1.79,"2,850.74",2013.9,836.84,0,8383.33,organic,2021,Denver
18/07/2021 0:00,1.79,"3,708.63",2776.88,931.76,0,7077.53,organic,2021,Denver
05/09/2021 0:00,1.05,"232,103.67",171907.9,59401.21,794.56,294718.94,conventional,2021,Denver
29/08/2021 0:00,0.97,"274,793.38",207494.05,66236.8,1062.53,246127.07,conventional,2021,Denver
22/08/2021 0:00,1.11,"219,267.62",143413.34,73053.23,2801.07,256415.56,conventional,2021,Denver
15/08/2021 0:00,1.12,"226,468.14",145047.95,78665.23,2754.94,272996.74,conventional,2021,Denver
05/09/2021 0:00,1.71,"3,671.64",2814.83,856.81,0,11903.33,organic,2021,Denver
29/08/2021 0:00,1.6,"3,246.60",2541.7,703.82,1.08,11150.08,organic,2021,Denver
22/08/2021 0:00,1.52,"2,238.94",1455.08,783.86,0,9735.99,organic,2021,Denver
15/08/2021 0:00,1.68,"3,166.37",2276.92,889.46,0,9227.01,organic,2021,Denver
03/10/2021 0:00,1.08,"243,226.03",195209.2,46832.08,1184.74,248308.34,conventional,2021,Denver
26/09/2021 0:00,1.07,"245,337.00",184887.41,59854,595.6,258028.33,conventional,2021,Denver
19/09/2021 0:00,1.1,"220,786.56",160570.44,59525.67,690.44,259175.44,conventional,2021,Denver
12/09/2021 0:00,1.14,"224,174.47",156424.09,67067.28,683.1,287532.67,conventional,2021,Denver
03/10/2021 0:00,1.77,"3,980.37",3066.99,913.37,0,7556.46,organic,2021,Denver
26/09/2021 0:00,1.75,"4,034.65",3134.93,899.72,0,8059.41,organic,2021,Denver
19/09/2021 0:00,1.81,"4,203.50",3420.01,783.5,0,9181.07,organic,2021,Denver
12/09/2021 0:00,1.8,"3,715.35",2825.18,890.17,0,8401.31,organic,2021,Denver
31/10/2021 0:00,1.24,"203,426.11",151800.78,48797.5,2827.83,240731.23,conventional,2021,Denver
24/10/2021 0:00,1.11,"247,086.82",180800.41,64263.2,2023.22,229227.51,conventional,2021,Denver
17/10/2021 0:00,1.1,"243,828.23",195837.04,45853.56,2137.64,230354.88,conventional,2021,Denver
10/10/2021 0:00,1.19,"226,332.65",175964.08,47691.93,2676.63,244088.01,conventional,2021,Denver
31/10/2021 0:00,1.87,"3,481.49",2778.85,699.42,3.22,4899.43,organic,2021,Denver
24/10/2021 0:00,1.73,"3,583.33",2727.27,856.06,0,6737.85,organic,2021,Denver
17/10/2021 0:00,1.75,"3,550.45",2805.8,744.65,0,8447.51,organic,2021,Denver
10/10/2021 0:00,1.86,"3,636.41",2833.83,802.59,0,7050.23,organic,2021,Denver
28/11/2021 0:00,1.25,"154,562.43",111548.09,39125.96,3888.39,201128.02,conventional,2021,Denver
21/11/2021 0:00,1.17,"188,044.54",119011.08,66510.31,2523.15,245095.78,conventional,2021,Denver
14/11/2021 0:00,1.15,"239,613.34",150713.84,86397.83,2501.67,266636.29,conventional,2021,Denver
07/11/2021 0:00,1.21,"188,307.30",141500.08,44159.13,2648.09,285603.43,conventional,2021,Denver
28/11/2021 0:00,1.85,"3,190.51",2635.68,554.84,0,6437.83,organic,2021,Denver
21/11/2021 0:00,1.79,"3,944.30",3173.08,771.23,0,5607.07,organic,2021,Denver
14/11/2021 0:00,1.76,"3,791.40",2954.66,836.74,0,7849.35,organic,2021,Denver
07/11/2021 0:00,1.83,"3,461.10",2764.94,696.17,0,8033.03,organic,2021,Denver
26/12/2021 0:00,1.27,"195,283.34",138901.81,53648.66,2732.87,252039.9,conventional,2021,Denver
19/12/2021 0:00,1.24,"189,455.21",134933.05,51845.17,2676.98,245423.05,conventional,2021,Denver
12/12/2021 0:00,1.17,"198,397.03",130522.7,64948.64,2925.68,239603.61,conventional,2021,Denver
05/12/2021 0:00,1.12,"201,599.78",126327.19,71952.81,3319.77,224050.05,conventional,2021,Denver
26/12/2021 0:00,1.6,"3,998.78",3242.45,723.07,33.26,9816.45,organic,2021,Denver
19/12/2021 0:00,1.49,"6,190.82",4948.2,950.75,291.88,8379.92,organic,2021,Denver
12/12/2021 0:00,1.55,"7,103.53",6065.86,1029.09,8.58,8193.68,organic,2021,Denver
05/12/2021 0:00,1.65,"8,357.41",7335.65,1021.75,0,9949.8,organic,2021,Denver
04/01/2021 0:00,0.8,"285,625.98",80626.67,98002.93,106996.38,93035.47,conventional,2021,Detroit
04/01/2021 0:00,1.18,"2,343.26",270.69,2072.57,0,13910.1,organic,2021,Detroit
10/01/2021 0:00,0.97,"196,584.57",83385.89,61857.28,51341.4,119387.27,conventional,2021,Detroit
10/01/2021 0:00,1.18,"2,482.42",383.4,2099.02,0,16291.99,organic,2021,Detroit
17/01/2021 0:00,0.9,"331,558.23",87132.25,107505.97,136920,95026.09,conventional,2021,Detroit
17/01/2021 0:00,1.5,"2,804.13",495.48,2308.64,0,5492.76,organic,2021,Detroit
24/01/2021 0:00,0.92,"307,903.78",80963.87,105654.82,121285.08,94301.75,conventional,2021,Detroit
24/01/2021 0:00,1.29,"3,025.73",887.17,2138.57,0,10465.55,organic,2021,Detroit
31/01/2021 0:00,1.09,"174,383.30",79526.49,56663.02,38193.78,94188.11,conventional,2021,Detroit
31/01/2021 0:00,1.32,"2,780.02",414.22,2365.8,0,13643.31,organic,2021,Detroit
07/02/2021 0:00,0.77,"348,862.77",123325.17,108660.37,116877.22,86750.87,conventional,2021,Detroit
07/02/2021 0:00,1.2,"2,775.56",376.38,2399.18,0,13436.85,organic,2021,Detroit
14/02/2021 0:00,0.92,"203,176.50",80711.72,71946.84,50517.95,84813.56,conventional,2021,Detroit
14/02/2021 0:00,1.23,"2,339.87",206.58,2133.28,0,12726.53,organic,2021,Detroit
21/02/2021 0:00,0.96,"187,590.12",75629.78,77993.35,33966.99,114679.03,conventional,2021,Detroit
21/02/2021 0:00,1.13,"2,269.83",261.33,2008.5,0,15586.71,organic,2021,Detroit
28/02/2021 0:00,0.86,"285,849.06",80322.48,100693.04,104833.54,97067.74,conventional,2021,Detroit
28/02/2021 0:00,1.23,"2,173.50",221.76,1951.74,0,12591.25,organic,2021,Detroit
07/03/2021 0:00,0.97,"201,743.07",76067.91,88975.71,36699.44,122469.6,conventional,2021,Detroit
07/03/2021 0:00,1.09,"1,986.26",196.32,1789.94,0,17912.39,organic,2021,Detroit
14/03/2021 0:00,1.01,"182,744.51",76231.66,70457.75,36055.11,114162.96,conventional,2021,Detroit
14/03/2021 0:00,1.33,"2,014.34",176.4,1837.95,0,8727.05,organic,2021,Detroit
21/03/2021 0:00,1.08,"187,773.75",64751.32,81097.13,41925.31,101942.79,conventional,2021,Detroit
21/03/2021 0:00,1.33,"2,124.33",187.95,1936.39,0,9125.92,organic,2021,Detroit
28/03/2021 0:00,1.18,"166,911.24",59906.25,75780.95,31224.04,116704.4,conventional,2021,Detroit
28/03/2021 0:00,1.16,"2,006.81",158.6,1848.2,0,13743.21,organic,2021,Detroit
04/04/2021 0:00,1.29,"184,727.88",72438.66,56264.22,56025,110831.03,conventional,2021,Detroit
04/04/2021 0:00,1.4,"1,929.79",196.07,1733.73,0,13868.38,organic,2021,Detroit
11/04/2021 0:00,1.24,"140,400.33",72318.24,38795.14,29286.95,107645.72,conventional,2021,Detroit
11/04/2021 0:00,1.49,"1,870.85",166.76,1704.08,0,12103.37,organic,2021,Detroit
18/04/2021 0:00,1.22,"165,984.92",92273.54,40939.38,32772,117330.14,conventional,2021,Detroit
18/04/2021 0:00,1.44,"1,989.39",220.61,1768.77,0,16225.12,organic,2021,Detroit
25/04/2021 0:00,1.19,"157,110.19",90058.5,38495.38,28556.3,115389.51,conventional,2021,Detroit
25/04/2021 0:00,1.51,"2,119.31",253.84,1865.46,0,14822.41,organic,2021,Detroit
02/05/2021 0:00,1.05,"232,426.16",116963.03,49064.16,66398.97,99146.31,conventional,2021,Detroit
02/05/2021 0:00,1.51,"2,037.62",223.76,1813.86,0,9620.77,organic,2021,Detroit
09/05/2021 0:00,0.97,"243,619.19",176933.99,36213.39,30471.81,106845.02,conventional,2021,Detroit
09/05/2021 0:00,1.38,"2,052.82",242.11,1810.71,0,14518.13,organic,2021,Detroit
16/05/2021 0:00,0.99,"200,764.99",116180.64,39418.07,45166.28,97714.35,conventional,2021,Detroit
16/05/2021 0:00,1.34,"1,732.02",254.97,1477.04,0,11373.9,organic,2021,Detroit
13/06/2021 0:00,1.09,"172,741.83",68030.29,75821.33,28890.22,118739.97,conventional,2021,Detroit
06/06/2021 0:00,1.13,"161,850.53",85573.38,43049.79,33227.37,109699.81,conventional,2021,Detroit
30/05/2021 0:00,1.16,"179,134.82",69699.18,52179.38,57256.26,110599.11,conventional,2021,Detroit
23/05/2021 0:00,1.03,"175,052.82",107394.92,36180.04,31477.86,120142.96,conventional,2021,Detroit
13/06/2021 0:00,1.34,"1,985.25",306.66,1678.59,0,12213.26,organic,2021,Detroit
06/06/2021 0:00,1.54,"1,905.91",228.39,1677.53,0,12088.56,organic,2021,Detroit
30/05/2021 0:00,1.51,"2,000.24",284.48,1715.75,0,12956.84,organic,2021,Detroit
23/05/2021 0:00,1.25,"1,958.72",294.23,1664.49,0,14132.79,organic,2021,Detroit
11/07/2021 0:00,1.08,"144,670.02",68037.93,46497,30135.1,115838.34,conventional,2021,Detroit
04/07/2021 0:00,1.14,"185,114.84",67931.71,62688.04,54495.09,106490.5,conventional,2021,Detroit
27/06/2021 0:00,1.17,"167,728.56",84881.02,51878.73,30968.81,92995.55,conventional,2021,Detroit
20/06/2021 0:00,1.2,"214,559.16",60103.75,88948.26,65507.14,96216.71,conventional,2021,Detroit
11/07/2021 0:00,1.27, -   ,0,0,0,14287.58,organic,2021,Detroit
04/07/2021 0:00,1.47, -   ,0,0,0,9928.67,organic,2021,Detroit
27/06/2021 0:00,1.36, -   ,0,0,0,12138.18,organic,2021,Detroit
20/06/2021 0:00,1.29, -   ,0,0,0,10295.17,organic,2021,Detroit
08/08/2021 0:00,1.15,"150,613.33",81845.7,37612.11,31155.52,92494.89,conventional,2021,Detroit
01/08/2021 0:00,1.11,"127,250.26",61185.26,37130.98,28934.01,105403.1,conventional,2021,Detroit
25/07/2021 0:00,0.97,"239,118.53",57419.16,79710.64,101988.72,88788.12,conventional,2021,Detroit
18/07/2021 0:00,0.96,"256,934.36",65671.8,87349.66,103912.9,104431.84,conventional,2021,Detroit
08/08/2021 0:00,1.7,"1,642.03",206.88,1435.15,0,9417.25,organic,2021,Detroit
01/08/2021 0:00,1.46,"1,962.61",242.22,1720.38,0,14878.88,organic,2021,Detroit
25/07/2021 0:00,1.44,"1,711.31",180.82,1530.48,0,11034.51,organic,2021,Detroit
18/07/2021 0:00,1.44,"1,886.11",252.69,1633.42,0,11637.55,organic,2021,Detroit
05/09/2021 0:00,1.07,"178,594.17",118275.55,38321.02,21997.6,102799.04,conventional,2021,Detroit
29/08/2021 0:00,1.15,"155,603.55",66151.62,47795.62,41656.31,102328.4,conventional,2021,Detroit
22/08/2021 0:00,1.05,"143,677.59",60565.47,59537.08,23575.04,122643.62,conventional,2021,Detroit
15/08/2021 0:00,1,"202,763.53",64682.44,74760.04,63321.06,81588.74,conventional,2021,Detroit
05/09/2021 0:00,1.44,"1,911.06",289.66,1621.4,0,12704.12,organic,2021,Detroit
29/08/2021 0:00,1.63,"2,232.47",215.55,2016.92,0,11292.59,organic,2021,Detroit
22/08/2021 0:00,1.41,"2,353.23",267.22,2086.01,0,13038.98,organic,2021,Detroit
15/08/2021 0:00,1.45,"1,776.03",159.83,1616.2,0,11823.93,organic,2021,Detroit
03/10/2021 0:00,0.95,"206,563.30",149832.64,26502.55,30228.11,82962.79,conventional,2021,Detroit
26/09/2021 0:00,1.07,"145,830.90",104500.54,19000.6,22329.76,82770.98,conventional,2021,Detroit
19/09/2021 0:00,1.01,"203,834.10",108467.97,39358.43,56007.69,73836.38,conventional,2021,Detroit
12/09/2021 0:00,1.01,"204,206.67",103721.32,51754.16,48731.18,87155.5,conventional,2021,Detroit
03/10/2021 0:00,1.45,"1,939.63",377.02,1562.61,0,9137.48,organic,2021,Detroit
26/09/2021 0:00,1.41,"1,758.19",360.65,1397.53,0,10520.69,organic,2021,Detroit
19/09/2021 0:00,1.39,"1,576.15",219.24,1356.91,0,12465.3,organic,2021,Detroit
12/09/2021 0:00,1.46,"1,976.94",272.84,1704.11,0,11267.5,organic,2021,Detroit
31/10/2021 0:00,1.08,"165,984.07",120889.48,20202.82,24891.77,106555.69,conventional,2021,Detroit
24/10/2021 0:00,1.14,"182,318.00",119888.23,24494.05,37935.72,80650.5,conventional,2021,Detroit
17/10/2021 0:00,1.06,"189,343.54",149178.11,18941.09,21224.33,80693.41,conventional,2021,Detroit
10/10/2021 0:00,1.09,"182,952.40",118346.67,26825.95,37779.79,78717.64,conventional,2021,Detroit
31/10/2021 0:00,1.5,"1,729.90",244.05,1485.85,0,10451.82,organic,2021,Detroit
24/10/2021 0:00,1.46,"1,483.93",266.1,1217.84,0,13185.49,organic,2021,Detroit
17/10/2021 0:00,1.45,"1,862.46",617.74,1244.72,0,12745,organic,2021,Detroit
10/10/2021 0:00,1.39,"1,871.42",464.89,1406.53,0,11966.25,organic,2021,Detroit
28/11/2021 0:00,1.18,"132,221.10",97298.19,15617.37,19305.55,80008.97,conventional,2021,Detroit
21/11/2021 0:00,1.08,"149,718.90",115890.99,16508.38,17319.52,109762.11,conventional,2021,Detroit
14/11/2021 0:00,1.05,"183,769.42",143385.52,18044.71,22339.19,124762.36,conventional,2021,Detroit
07/11/2021 0:00,1.07,"170,213.64",109604.63,24528.72,36080.28,128674.04,conventional,2021,Detroit
28/11/2021 0:00,1.72,"1,313.01",228.71,1084.3,0,7368.48,organic,2021,Detroit
21/11/2021 0:00,1.45,"1,658.47",345.66,1312.81,0,10046.83,organic,2021,Detroit
14/11/2021 0:00,1.67,"1,482.55",232.86,1249.68,0,7303.51,organic,2021,Detroit
07/11/2021 0:00,1.64,"1,857.46",260.69,1596.77,0,9188.16,organic,2021,Detroit
26/12/2021 0:00,1.21,"113,228.19",73746.76,18467.75,21013.69,100712.02,conventional,2021,Detroit
19/12/2021 0:00,1.19,"140,180.69",101399.12,18712.36,20069.2,82871.81,conventional,2021,Detroit
12/12/2021 0:00,1.17,"128,863.73",91106.05,18403.82,19353.86,108538.93,conventional,2021,Detroit
05/12/2021 0:00,1.17,"157,342.78",118178.77,19029.3,20134.71,88326.83,conventional,2021,Detroit
26/12/2021 0:00,1.53,"1,270.77",139.49,1131.28,0,11568.08,organic,2021,Detroit
19/12/2021 0:00,1.65,"1,353.15",147.98,1205.17,0,10172.27,organic,2021,Detroit
12/12/2021 0:00,1.53,"1,512.14",219.07,1293.08,0,11752.84,organic,2021,Detroit
05/12/2021 0:00,1.68,"1,680.02",194.3,1485.71,0,7487.82,organic,2021,Detroit
04/01/2021 0:00,0.88,"215,122.74",20937.01,81616.42,112569.31,40844.97,conventional,2021,Grand Rapids
04/01/2021 0:00,1.31,"1,879.64",51.15,1828.49,0,3459.01,organic,2021,Grand Rapids
10/01/2021 0:00,1.33,"123,914.91",16295.98,48421.12,59197.8,51822.7,conventional,2021,Grand Rapids
10/01/2021 0:00,1.18,"1,390.20",26.71,1363.48,0,6584.07,organic,2021,Grand Rapids
17/01/2021 0:00,1,"235,216.06",17451.5,84575.23,133189.32,33926.59,conventional,2021,Grand Rapids
17/01/2021 0:00,1.38,"1,041.73",28.38,1013.35,0,4998.66,organic,2021,Grand Rapids
24/01/2021 0:00,1.03,"206,080.92",15229.32,68590.29,122261.3,33820.74,conventional,2021,Grand Rapids
24/01/2021 0:00,1,"1,014.74",23.03,991.7,0,11166.63,organic,2021,Grand Rapids
31/01/2021 0:00,1.53,"103,078.20",16909.78,42492.09,43676.34,27686.16,conventional,2021,Grand Rapids
31/01/2021 0:00,1.14,"1,050.43",38.03,1012.4,0,8673.91,organic,2021,Grand Rapids
07/02/2021 0:00,0.85,"250,772.25",36081.66,98638.01,116052.58,24808.73,conventional,2021,Grand Rapids
07/02/2021 0:00,1.16,969.86,21.03,948.84,0,6470.11,organic,2021,Grand Rapids
14/02/2021 0:00,1.16,"133,556.40",15773.72,60986.79,56795.9,24808.08,conventional,2021,Grand Rapids
14/02/2021 0:00,1.14,774.56,25.38,749.18,0,6824.25,organic,2021,Grand Rapids
21/02/2021 0:00,1.3,"114,495.51",15283.92,60225.15,38986.43,46802.37,conventional,2021,Grand Rapids
21/02/2021 0:00,0.99,669.8,29.26,640.55,0,7692.95,organic,2021,Grand Rapids
28/02/2021 0:00,0.9,"211,825.26",18944.88,79113.32,113767.06,32592.38,conventional,2021,Grand Rapids
28/02/2021 0:00,1.2,"1,168.74",12.78,1155.95,0,5853.6,organic,2021,Grand Rapids
07/03/2021 0:00,1.32,"131,656.84",17185.14,71051.28,43420.42,45415.7,conventional,2021,Grand Rapids
07/03/2021 0:00,0.88,794.05,18.27,775.78,0,10301,organic,2021,Grand Rapids
14/03/2021 0:00,1.43,"106,424.73",17303.55,47420.87,41700.32,43920.41,conventional,2021,Grand Rapids
14/03/2021 0:00,1.11,905.7,19.43,886.28,0,7371.09,organic,2021,Grand Rapids
21/03/2021 0:00,1.36,"121,604.10",17429.17,53475.72,50699.21,38622.74,conventional,2021,Grand Rapids
21/03/2021 0:00,1.14,"1,414.75",54.65,1360.1,0,6823.51,organic,2021,Grand Rapids
28/03/2021 0:00,1.46,"99,770.18",19120.32,45640.98,35008.88,50635.48,conventional,2021,Grand Rapids
28/03/2021 0:00,0.95,"1,121.74",17.01,1104.73,0,11484.86,organic,2021,Grand Rapids
04/04/2021 0:00,1.48,"121,556.99",18668.18,47816.62,55072.2,40531.03,conventional,2021,Grand Rapids
04/04/2021 0:00,1.03,"1,117.12",17.84,1099.28,0,11538.18,organic,2021,Grand Rapids
11/04/2021 0:00,1.48,"87,211.89",18387.61,38277.9,30546.38,43604.52,conventional,2021,Grand Rapids
11/04/2021 0:00,1.13,"1,255.51",45.92,1209.59,0,8314.97,organic,2021,Grand Rapids
18/04/2021 0:00,1.44,"114,272.84",30969.17,45901.89,37401.78,48078.63,conventional,2021,Grand Rapids
18/04/2021 0:00,1.02,"1,232.94",88.71,1144.23,0,11336.47,organic,2021,Grand Rapids
25/04/2021 0:00,1.38,"98,183.16",26852.24,41677.35,29653.57,53650.08,conventional,2021,Grand Rapids
25/04/2021 0:00,1.04,"1,190.18",59.27,1130.92,0,11922.09,organic,2021,Grand Rapids
02/05/2021 0:00,1.35,"158,507.23",17889.57,75014.97,65602.68,39581.01,conventional,2021,Grand Rapids
02/05/2021 0:00,1.03,"1,142.17",36.7,1105.47,0,10214.99,organic,2021,Grand Rapids
09/05/2021 0:00,1.3,"145,199.34",66987.28,42518.04,35694.02,46549.03,conventional,2021,Grand Rapids
09/05/2021 0:00,0.92,"1,238.69",23.37,1215.32,0,13556.18,organic,2021,Grand Rapids
16/05/2021 0:00,1.51,"111,626.71",11663.03,45041.68,54922,38219.87,conventional,2021,Grand Rapids
16/05/2021 0:00,1.01,"1,397.61",46.6,1351,0,10615.74,organic,2021,Grand Rapids
13/06/2021 0:00,1.52,"91,922.51",15730.6,37440.77,38751.14,61039.57,conventional,2021,Grand Rapids
06/06/2021 0:00,1.48,"103,400.15",26635.73,39997.29,36767.14,45364.03,conventional,2021,Grand Rapids
30/05/2021 0:00,1.5,"129,414.75",13237.28,51710.4,64467.09,44058.26,conventional,2021,Grand Rapids
23/05/2021 0:00,1.48,"87,964.70",15274,39674.32,33016.39,61273.2,conventional,2021,Grand Rapids
13/06/2021 0:00,1.02,"1,811.90",97.52,1714.37,0,10925.96,organic,2021,Grand Rapids
06/06/2021 0:00,1.05,"1,723.77",50.01,1673.76,0,10932.74,organic,2021,Grand Rapids
30/05/2021 0:00,1.12,"1,577.89",80.44,1497.46,0,8921.22,organic,2021,Grand Rapids
23/05/2021 0:00,0.99,"1,473.76",102.41,1371.35,0,11954.74,organic,2021,Grand Rapids
11/07/2021 0:00,1.38,"87,964.89",14917.37,39628.63,33418.9,52787.05,conventional,2021,Grand Rapids
04/07/2021 0:00,1.44,"129,971.16",15290.46,53252.39,61428.32,40111.85,conventional,2021,Grand Rapids
27/06/2021 0:00,1.37,"113,683.65",33944.26,42421.46,37317.92,37966.78,conventional,2021,Grand Rapids
20/06/2021 0:00,1.55,"136,940.75",15049.13,50323.01,71568.61,43881.07,conventional,2021,Grand Rapids
11/07/2021 0:00,0.84, -   ,0,0,0,13438.09,organic,2021,Grand Rapids
04/07/2021 0:00,0.93, -   ,0,0,0,13250.22,organic,2021,Grand Rapids
27/06/2021 0:00,0.84, -   ,0,0,0,15600.36,organic,2021,Grand Rapids
20/06/2021 0:00,0.95, -   ,0,0,0,9960.26,organic,2021,Grand Rapids
08/08/2021 0:00,1.39,"94,140.47",26461.47,34477.35,33201.65,35612.42,conventional,2021,Grand Rapids
01/08/2021 0:00,1.26,"97,086.39",11909.45,53704.86,31472.09,47501.48,conventional,2021,Grand Rapids
25/07/2021 0:00,1.05,"165,553.43",11741.36,53720.86,100091.21,33939.87,conventional,2021,Grand Rapids
18/07/2021 0:00,1.03,"174,380.72",14062.22,54110.1,106208.39,44081.41,conventional,2021,Grand Rapids
08/08/2021 0:00,1.23,705.37,36.05,669.31,0,8514.45,organic,2021,Grand Rapids
01/08/2021 0:00,1.04,388.06,56.47,331.59,0,9697.9,organic,2021,Grand Rapids
25/07/2021 0:00,1.25,"1,474.86",62.5,1412.36,0,11345.28,organic,2021,Grand Rapids
18/07/2021 0:00,0.89,"1,120.84",84.18,1036.66,0,21803.18,organic,2021,Grand Rapids
05/09/2021 0:00,1.42,"84,771.20",27233.68,28560.26,28977.26,38353.25,conventional,2021,Grand Rapids
29/08/2021 0:00,1.38,"94,364.55",11163.15,37863.02,45338.37,38156.55,conventional,2021,Grand Rapids
22/08/2021 0:00,1.34,"73,350.01",12940.02,32892.24,27517.75,55139.12,conventional,2021,Grand Rapids
15/08/2021 0:00,1,"150,480.77",15373.86,62663.97,72442.94,30352.54,conventional,2021,Grand Rapids
05/09/2021 0:00,1.31,"1,120.74",72.41,1048.33,0,10545.51,organic,2021,Grand Rapids
29/08/2021 0:00,1.29,"1,053.20",61.66,991.54,0,9481.06,organic,2021,Grand Rapids
22/08/2021 0:00,1.27,"1,209.12",57.63,1151.48,0,9815.94,organic,2021,Grand Rapids
15/08/2021 0:00,1.33,814.79,16.47,798.32,0,7756.05,organic,2021,Grand Rapids
03/10/2021 0:00,1.06,"105,926.56",40971.6,30367.68,34587.29,30765.76,conventional,2021,Grand Rapids
26/09/2021 0:00,1.63,"56,963.60",10304.52,21489.72,25169.36,30487.97,conventional,2021,Grand Rapids
19/09/2021 0:00,1.14,"108,325.22",13589.49,35368.09,59367.64,25026.6,conventional,2021,Grand Rapids
12/09/2021 0:00,1.1,"124,397.48",12850.07,39562.59,71984.83,24357.68,conventional,2021,Grand Rapids
03/10/2021 0:00,1.23,"1,004.91",24.07,980.84,0,8089.51,organic,2021,Grand Rapids
26/09/2021 0:00,1.26,"1,102.83",69.83,1033,0,10523.47,organic,2021,Grand Rapids
19/09/2021 0:00,1.18,"1,093.94",26.45,1067.49,0,13651.05,organic,2021,Grand Rapids
12/09/2021 0:00,1.2,"1,209.69",58.96,1150.73,0,10636.13,organic,2021,Grand Rapids
31/10/2021 0:00,1.27,"84,364.70",16151.62,44342.91,23870.16,46884.26,conventional,2021,Grand Rapids
24/10/2021 0:00,1.48,"81,164.91",16492.1,26963.67,37709.14,34557.96,conventional,2021,Grand Rapids
17/10/2021 0:00,1.42,"75,595.92",28472.2,23293.59,23830.14,34968.88,conventional,2021,Grand Rapids
10/10/2021 0:00,1.42,"79,276.10",17498.96,24582.21,37194.93,33816.58,conventional,2021,Grand Rapids
31/10/2021 0:00,1.18,792.8,55.35,737.45,0,8096.19,organic,2021,Grand Rapids
24/10/2021 0:00,1.24,"1,315.17",192.2,1122.97,0,9652.69,organic,2021,Grand Rapids
17/10/2021 0:00,1.23,"1,038.51",148.7,889.81,0,9518.5,organic,2021,Grand Rapids
10/10/2021 0:00,0.91,955.38,42.33,913.06,0,19640.07,organic,2021,Grand Rapids
28/11/2021 0:00,1.52,"71,338.10",28707.47,19873.5,22757.13,31421.28,conventional,2021,Grand Rapids
21/11/2021 0:00,1.47,"57,873.49",16114.1,21402.1,20357.29,50636.37,conventional,2021,Grand Rapids
14/11/2021 0:00,1.34,"96,134.10",29732.97,42682.18,23718.94,37663.85,conventional,2021,Grand Rapids
07/11/2021 0:00,1.44,"74,206.94",14878.28,27504.62,31824.04,33452.32,conventional,2021,Grand Rapids
28/11/2021 0:00,1.31,810.57,19.24,791.33,0,7109.87,organic,2021,Grand Rapids
21/11/2021 0:00,1.17,775.84,29,746.84,0,8617.41,organic,2021,Grand Rapids
14/11/2021 0:00,1.28,678.62,7.26,671.36,0,6873.87,organic,2021,Grand Rapids
07/11/2021 0:00,1.22,748.48,43.53,704.95,0,7812.91,organic,2021,Grand Rapids
26/12/2021 0:00,1.5,"63,476.53",18066.71,20035.92,25373.89,54363.79,conventional,2021,Grand Rapids
19/12/2021 0:00,1.43,"74,816.80",34118.14,19672.75,21025.91,36640.29,conventional,2021,Grand Rapids
12/12/2021 0:00,1.45,"59,520.01",18829.19,19536.63,21154.17,53221.74,conventional,2021,Grand Rapids
05/12/2021 0:00,1.4,"85,198.61",43323.9,20721.67,21153.03,36019.84,conventional,2021,Grand Rapids
26/12/2021 0:00,0.94,732.72,10.83,721.89,0,16767.88,organic,2021,Grand Rapids
19/12/2021 0:00,1.18,797.27,12.06,785.21,0,10896.68,organic,2021,Grand Rapids
12/12/2021 0:00,0.9,866.91,4.83,862.08,0,20487.61,organic,2021,Grand Rapids
05/12/2021 0:00,1.43,"1,061.36",18.13,1043.22,0,6919.56,organic,2021,Grand Rapids
04/01/2021 0:00,0.86,"2,249,607.31",733876.45,1065056.49,450674.37,874548.76,conventional,2021,Great Lakes
04/01/2021 0:00,1.51,"23,462.44",5986.13,17476.31,0,70705.31,organic,2021,Great Lakes
10/01/2021 0:00,1,"1,829,757.83",775484.75,801637.94,252635.14,1051552.97,conventional,2021,Great Lakes
10/01/2021 0:00,1.5,"22,368.73",5910.94,16457.8,0,90923.95,organic,2021,Great Lakes
17/01/2021 0:00,0.94,"2,467,825.26",729013.41,1190384.3,548427.54,928567.03,conventional,2021,Great Lakes
17/01/2021 0:00,1.57,"24,650.51",7469.16,17181.35,0,73735.24,organic,2021,Great Lakes
24/01/2021 0:00,0.93,"2,341,991.08",727613.48,1125085.1,489292.5,896351.76,conventional,2021,Great Lakes
24/01/2021 0:00,1.38,"23,279.99",7442.12,15837.87,0,103495.41,organic,2021,Great Lakes
31/01/2021 0:00,1.07,"1,702,735.34",747321.84,764628.23,190785.27,930762.17,conventional,2021,Great Lakes
31/01/2021 0:00,1.48,"24,787.92",5730.21,19057.71,0,107679.36,organic,2021,Great Lakes
07/02/2021 0:00,0.8,"2,715,732.25",1027740.44,1232392.68,455599.14,883542.93,conventional,2021,Great Lakes
07/02/2021 0:00,1.32,"37,503.32",7023.63,30479.7,0,90495.86,organic,2021,Great Lakes
14/02/2021 0:00,0.94,"1,812,955.87",738209.17,842231.6,232515.1,859790.73,conventional,2021,Great Lakes
14/02/2021 0:00,1.34,"35,883.43",5606.07,30277.36,0,87376.05,organic,2021,Great Lakes
21/02/2021 0:00,1.01,"1,668,378.75",674617.05,823871.6,169890.1,984642.09,conventional,2021,Great Lakes
21/02/2021 0:00,1.39,"33,687.79",7868.86,25818.93,0,97018.03,organic,2021,Great Lakes
28/02/2021 0:00,0.83,"2,249,240.08",696794.83,1121008.79,431436.45,918135.91,conventional,2021,Great Lakes
28/02/2021 0:00,1.48,"28,813.98",5662.79,23151.19,0,80384.75,organic,2021,Great Lakes
07/03/2021 0:00,0.95,"1,729,460.98",668409.65,878017.32,183034.01,1478265.53,conventional,2021,Great Lakes
07/03/2021 0:00,1.37,"29,526.05",5095.1,24430.96,0,110775.19,organic,2021,Great Lakes
14/03/2021 0:00,1,"1,634,722.46",657433.31,801975.58,175313.57,1128589.59,conventional,2021,Great Lakes
14/03/2021 0:00,1.5,"21,318.76",4583.6,16735.15,0,83589.01,organic,2021,Great Lakes
21/03/2021 0:00,1.07,"1,678,163.73",660539.89,819051.79,198572.04,949216.95,conventional,2021,Great Lakes
21/03/2021 0:00,1.5,"25,493.23",7896.05,17597.19,0,78248.57,organic,2021,Great Lakes
28/03/2021 0:00,1.18,"1,529,951.32",620107.21,759705.15,150138.98,989857.2,conventional,2021,Great Lakes
28/03/2021 0:00,1.38,"21,140.75",5085.52,16055.23,0,103865.97,organic,2021,Great Lakes
04/04/2021 0:00,1.28,"1,604,934.22",640943.86,727401.45,236588.91,991025.54,conventional,2021,Great Lakes
04/04/2021 0:00,1.6,"22,161.79",4608.14,17553.65,0,102305.47,organic,2021,Great Lakes
11/04/2021 0:00,1.27,"1,420,383.79",697764.98,585088.02,137530.8,961981.53,conventional,2021,Great Lakes
11/04/2021 0:00,1.69,"23,190.21",7042.45,16147.77,0,93464.09,organic,2021,Great Lakes
18/04/2021 0:00,1.26,"1,565,013.12",793472.18,616017.01,155523.94,1036211.32,conventional,2021,Great Lakes
18/04/2021 0:00,1.62,"21,312.90",5760.53,15552.37,0,115639.66,organic,2021,Great Lakes
25/04/2021 0:00,1.13,"1,640,919.95",820800.18,677558.21,142561.56,1079293.99,conventional,2021,Great Lakes
25/04/2021 0:00,1.64,"20,718.50",5004.96,15713.54,0,112232.19,organic,2021,Great Lakes
02/05/2021 0:00,1.06,"2,031,003.51",916197.05,826902.88,287903.58,925478.59,conventional,2021,Great Lakes
02/05/2021 0:00,1.58,"23,613.56",6904.8,16706.37,2.39,98081.65,organic,2021,Great Lakes
09/05/2021 0:00,1.08,"1,927,526.10",1148253.68,614827.87,164444.55,953686.92,conventional,2021,Great Lakes
09/05/2021 0:00,1.55,"24,472.90",5633.79,18839.11,0,107837.6,organic,2021,Great Lakes
16/05/2021 0:00,1.12,"1,642,418.18",789957.25,617216.98,235243.95,895819.09,conventional,2021,Great Lakes
16/05/2021 0:00,1.53,"21,015.01",4912.57,16097.78,4.66,86889.09,organic,2021,Great Lakes
13/06/2021 0:00,1.17,"1,540,824.39",643146.88,731555.47,166122.05,1005800.19,conventional,2021,Great Lakes
06/06/2021 0:00,1.13,"1,569,732.82",721617.58,687718.34,160396.9,958699.99,conventional,2021,Great Lakes
30/05/2021 0:00,1.25,"1,660,405.25",652968.93,746057.11,261379.22,975298.72,conventional,2021,Great Lakes
23/05/2021 0:00,1.08,"1,617,048.64",814955.34,636679.46,165413.85,1037460.84,conventional,2021,Great Lakes
13/06/2021 0:00,1.52,"23,370.11",5522.41,17844.48,3.21,97964.91,organic,2021,Great Lakes
06/06/2021 0:00,1.72,"19,736.05",5166.55,14562.69,6.82,86446.15,organic,2021,Great Lakes
30/05/2021 0:00,1.72,"20,742.74",5125.5,15614.84,2.4,86665.09,organic,2021,Great Lakes
23/05/2021 0:00,1.52,"21,112.62",5425.08,15683.95,3.6,99444.42,organic,2021,Great Lakes
11/07/2021 0:00,1.13,"1,464,674.47",609088.83,706154.04,149431.61,1015500.46,conventional,2021,Great Lakes
04/07/2021 0:00,1.18,"1,724,333.17",593940.23,872318.22,258074.72,961714.76,conventional,2021,Great Lakes
27/06/2021 0:00,1.21,"1,519,041.15",671154.49,685588.01,162298.65,821664.55,conventional,2021,Great Lakes
20/06/2021 0:00,1.16,"1,805,184.39",569637.56,934336.48,301210.35,912809.12,conventional,2021,Great Lakes
11/07/2021 0:00,1.52, -   ,0,0,0,97188.86,organic,2021,Great Lakes
04/07/2021 0:00,1.62,-0.01,0,0,0,90566.87,organic,2021,Great Lakes
27/06/2021 0:00,1.46, -   ,0,0,0,93341.45,organic,2021,Great Lakes
20/06/2021 0:00,1.5, -   ,0,0,0,88769.45,organic,2021,Great Lakes
08/08/2021 0:00,1.17,"1,451,080.07",631863.4,661049.98,158166.69,922000.58,conventional,2021,Great Lakes
01/08/2021 0:00,1.16,"1,314,189.17",503235.69,662540.25,148413.22,1008725.47,conventional,2021,Great Lakes
25/07/2021 0:00,1.04,"1,830,716.48",501404.56,924781.17,404530.75,881758.62,conventional,2021,Great Lakes
18/07/2021 0:00,0.97,"1,971,342.81",533831.32,1024813.02,412698.47,997710.25,conventional,2021,Great Lakes
08/08/2021 0:00,1.76,"18,494.10",4754.31,13735.2,4.58,84705.52,organic,2021,Great Lakes
01/08/2021 0:00,1.65,"18,291.94",4572.24,13719.7,0,95509.56,organic,2021,Great Lakes
25/07/2021 0:00,1.63,"18,853.54",3920.51,14933.04,0,89050.83,organic,2021,Great Lakes
18/07/2021 0:00,1.51,"18,985.28",4452.61,14532.67,0,107346.17,organic,2021,Great Lakes
05/09/2021 0:00,1.13,"1,547,700.94",731252.29,684992.25,131456.39,999496.67,conventional,2021,Great Lakes
29/08/2021 0:00,1.18,"1,436,528.73",515294.04,728215.14,193019.56,949516.98,conventional,2021,Great Lakes
22/08/2021 0:00,1.11,"1,374,756.18",485916.18,752155.69,136684.3,1126869.86,conventional,2021,Great Lakes
15/08/2021 0:00,1.05,"1,776,532.45",502701.36,980199.87,293631.21,899418.65,conventional,2021,Great Lakes
05/09/2021 0:00,1.65,"20,790.91",5529.5,15261.41,0,96249.1,organic,2021,Great Lakes
29/08/2021 0:00,1.76,"21,508.63",5252.3,16254.1,2.23,90699.92,organic,2021,Great Lakes
22/08/2021 0:00,1.6,"22,942.08",5690.46,17244.39,7.23,100482.5,organic,2021,Great Lakes
15/08/2021 0:00,1.65,"19,116.19",4390.41,14719.08,6.69,89617.23,organic,2021,Great Lakes
03/10/2021 0:00,1.11,"1,580,678.41",945651.64,479046.83,155979.94,816949.68,conventional,2021,Great Lakes
26/09/2021 0:00,1.22,"1,308,118.75",694083.47,489524.34,124510.94,747742.88,conventional,2021,Great Lakes
19/09/2021 0:00,1.14,"1,566,868.39",662523.87,656538.09,247806.42,719390.56,conventional,2021,Great Lakes
12/09/2021 0:00,1.09,"1,604,655.42",655363.46,697616.77,251675.19,804285.3,conventional,2021,Great Lakes
03/10/2021 0:00,1.65,"18,605.28",5706.61,12898.68,0,71102.76,organic,2021,Great Lakes
26/09/2021 0:00,1.6,"20,366.69",7174.1,13192.59,0,82323.07,organic,2021,Great Lakes
19/09/2021 0:00,1.63,"20,090.17",6404.4,13685.76,0,87706.72,organic,2021,Great Lakes
12/09/2021 0:00,1.66,"21,132.45",5462.05,15670.41,0,86368.73,organic,2021,Great Lakes
31/10/2021 0:00,1.08,"1,412,497.81",806616.17,490199.39,115682.25,857485.15,conventional,2021,Great Lakes
24/10/2021 0:00,1.22,"1,410,744.79",786206.69,450569.89,173968.2,765597.31,conventional,2021,Great Lakes
17/10/2021 0:00,1.18,"1,425,989.81",904473.49,398865.6,122650.71,811042.05,conventional,2021,Great Lakes
10/10/2021 0:00,1.2,"1,373,736.63",765683.84,424239.11,183813.69,834543.37,conventional,2021,Great Lakes
31/10/2021 0:00,1.53,"18,086.13",4971.86,13114.27,0,80527.81,organic,2021,Great Lakes
24/10/2021 0:00,1.7,"19,025.31",6605.57,12419.74,0,79337.01,organic,2021,Great Lakes
17/10/2021 0:00,1.69,"18,751.50",6405.92,12345.58,0,76154.59,organic,2021,Great Lakes
10/10/2021 0:00,1.54,"19,891.74",7247.13,12644.61,0,97109.76,organic,2021,Great Lakes
28/11/2021 0:00,1.06,"1,249,503.17",735754.27,407409.69,106339.21,681122.91,conventional,2021,Great Lakes
21/11/2021 0:00,1.16,"1,212,447.68",769937.65,349796.65,92713.37,848159.74,conventional,2021,Great Lakes
14/11/2021 0:00,1.05,"1,495,637.05",919696.96,470554.92,105385.18,991009.21,conventional,2021,Great Lakes
07/11/2021 0:00,1.15,"1,307,110.77",751437.08,407567.62,148106.07,993136.44,conventional,2021,Great Lakes
28/11/2021 0:00,1.72,"15,105.24",2802.41,12302.84,0,61439.11,organic,2021,Great Lakes
21/11/2021 0:00,1.48,"23,922.35",4947.17,18975.18,0,79262.81,organic,2021,Great Lakes
14/11/2021 0:00,1.53,"24,241.17",5018.23,19222.94,0,74988.75,organic,2021,Great Lakes
07/11/2021 0:00,1.68,"18,696.78",3540.18,15156.6,0,74677.59,organic,2021,Great Lakes
26/12/2021 0:00,1.25,"1,102,327.95",672320.98,315430.74,114576.23,835132.32,conventional,2021,Great Lakes
19/12/2021 0:00,1.22,"1,231,071.83",787777.62,338000.99,105293.21,735329.83,conventional,2021,Great Lakes
12/12/2021 0:00,1.06,"1,293,557.24",824961.01,365353.9,103242.34,859227.82,conventional,2021,Great Lakes
05/12/2021 0:00,0.99,"1,555,765.41",1041196.33,407266.13,107302.96,733543.22,conventional,2021,Great Lakes
26/12/2021 0:00,1.58,"13,879.89",2575.45,11304.43,0,93621.12,organic,2021,Great Lakes
19/12/2021 0:00,1.72,"14,442.55",2986.7,11455.84,0,76050.99,organic,2021,Great Lakes
12/12/2021 0:00,1.52,"16,375.51",3678.69,12696.83,0,102743.31,organic,2021,Great Lakes
05/12/2021 0:00,1.74,"19,998.32",4273.75,15724.58,0,64598.16,organic,2021,Great Lakes
04/01/2021 0:00,1.07,"247,498.34",143018.57,104386.19,93.57,108811.75,conventional,2021,Harrisburg/Scranton
04/01/2021 0:00,1.27,801.46,381.7,419.76,0,17353.87,organic,2021,Harrisburg/Scranton
10/01/2021 0:00,1.04,"247,279.15",141133.48,106078.08,67.59,119594.76,conventional,2021,Harrisburg/Scranton
10/01/2021 0:00,1.22,741.54,262.38,479.16,0,20623.19,organic,2021,Harrisburg/Scranton
17/01/2021 0:00,1.02,"262,938.02",151377.67,111450.99,109.35,139592.51,conventional,2021,Harrisburg/Scranton
17/01/2021 0:00,1.25,"1,290.65",772.47,518.18,0,19122.52,organic,2021,Harrisburg/Scranton
24/01/2021 0:00,1,"262,246.43",145959.08,116116.36,170.99,141230.2,conventional,2021,Harrisburg/Scranton
24/01/2021 0:00,1.25,793.79,316.03,477.76,0,19764.26,organic,2021,Harrisburg/Scranton
31/01/2021 0:00,1.01,"276,283.46",159201.88,116922.68,158.91,143073.26,conventional,2021,Harrisburg/Scranton
31/01/2021 0:00,1.21,808.05,331.44,476.62,0,21664.57,organic,2021,Harrisburg/Scranton
07/02/2021 0:00,0.98,"287,841.46",163276.59,124413.94,150.94,139444.07,conventional,2021,Harrisburg/Scranton
07/02/2021 0:00,1.22,863.45,342.66,520.79,0,21554.38,organic,2021,Harrisburg/Scranton
14/02/2021 0:00,0.98,"306,467.70",185267.64,121086.53,113.53,136908.11,conventional,2021,Harrisburg/Scranton
14/02/2021 0:00,1.2,"1,474.99",873.19,601.8,0,21173.65,organic,2021,Harrisburg/Scranton
21/02/2021 0:00,0.98,"269,373.69",157578.43,111708.68,86.58,127871.13,conventional,2021,Harrisburg/Scranton
21/02/2021 0:00,1.2,860.54,343.22,517.32,0,19286.79,organic,2021,Harrisburg/Scranton
28/02/2021 0:00,0.98,"264,649.09",155439.71,109105.07,104.31,144095.94,conventional,2021,Harrisburg/Scranton
28/02/2021 0:00,1.21,760.5,218.27,542.23,0,22976.7,organic,2021,Harrisburg/Scranton
07/03/2021 0:00,1.02,"267,561.45",153387.02,114025.38,149.05,139934.54,conventional,2021,Harrisburg/Scranton
07/03/2021 0:00,1.2,589.26,197.5,391.77,0,23748.57,organic,2021,Harrisburg/Scranton
14/03/2021 0:00,1.01,"266,264.10",154006.44,112115.29,142.36,142578.52,conventional,2021,Harrisburg/Scranton
14/03/2021 0:00,1.26,619.64,207.97,411.67,0,22282.22,organic,2021,Harrisburg/Scranton
21/03/2021 0:00,1.02,"271,699.76",163101.45,108465.16,133.16,140766.04,conventional,2021,Harrisburg/Scranton
21/03/2021 0:00,1.2,658.73,260.49,398.25,0,22697.12,organic,2021,Harrisburg/Scranton
28/03/2021 0:00,1.04,"272,946.01",164141.32,108559.81,244.87,141713.28,conventional,2021,Harrisburg/Scranton
28/03/2021 0:00,1.25,577.69,149.02,428.67,0,20450.43,organic,2021,Harrisburg/Scranton
04/04/2021 0:00,1.03,"321,138.83",198629.55,122349.69,159.58,138367.5,conventional,2021,Harrisburg/Scranton
04/04/2021 0:00,1.28,641.76,124.25,517.52,0,22135.48,organic,2021,Harrisburg/Scranton
11/04/2021 0:00,1.08,"258,538.68",153452.01,104930.86,155.81,123362.83,conventional,2021,Harrisburg/Scranton
11/04/2021 0:00,1.26,630.99,115.44,515.55,0,22949.1,organic,2021,Harrisburg/Scranton
18/04/2021 0:00,1.18,"263,504.35",153209.97,110115.29,179.09,142380.54,conventional,2021,Harrisburg/Scranton
18/04/2021 0:00,1.3,647.48,157.37,490.12,0,24563.41,organic,2021,Harrisburg/Scranton
25/04/2021 0:00,1.17,"251,383.71",146430.83,104774.38,178.5,145080.02,conventional,2021,Harrisburg/Scranton
25/04/2021 0:00,1.27,544.28,107.55,436.73,0,24462.98,organic,2021,Harrisburg/Scranton
02/05/2021 0:00,1.15,"261,942.33",153832.37,107982.33,127.63,143366.11,conventional,2021,Harrisburg/Scranton
02/05/2021 0:00,1.3,580.91,208.28,372.64,0,24177.82,organic,2021,Harrisburg/Scranton
09/05/2021 0:00,1.09,"309,388.38",188659.17,120472.4,256.81,140973.45,conventional,2021,Harrisburg/Scranton
09/05/2021 0:00,1.3,615.98,142.12,473.86,0,23622.36,organic,2021,Harrisburg/Scranton
16/05/2021 0:00,1.18,"240,070.55",137508.75,102295.55,266.25,143630.29,conventional,2021,Harrisburg/Scranton
16/05/2021 0:00,1.3,689.71,202.54,487.17,0,21723.62,organic,2021,Harrisburg/Scranton
13/06/2021 0:00,1.13,"265,691.21",162544.45,102913.34,233.43,128016.76,conventional,2021,Harrisburg/Scranton
06/06/2021 0:00,1.2,"251,582.39",148459.92,102955.99,166.48,135568.71,conventional,2021,Harrisburg/Scranton
30/05/2021 0:00,1.2,"258,851.85",149710.87,108886.15,254.83,142878.65,conventional,2021,Harrisburg/Scranton
23/05/2021 0:00,1.2,"263,740.88",151319.49,112249.29,172.09,132524.09,conventional,2021,Harrisburg/Scranton
13/06/2021 0:00,1.32,716.75,187.4,529.35,0,20761.27,organic,2021,Harrisburg/Scranton
06/06/2021 0:00,1.25,681.9,125.93,555.98,0,21446.03,organic,2021,Harrisburg/Scranton
30/05/2021 0:00,1.24,643.16,200.65,442.51,0,23723.95,organic,2021,Harrisburg/Scranton
23/05/2021 0:00,1.28,708.44,199.61,508.82,0,22823.63,organic,2021,Harrisburg/Scranton
11/07/2021 0:00,1.09,"248,248.15",154278.13,93936.51,33.5,117256.16,conventional,2021,Harrisburg/Scranton
04/07/2021 0:00,1.14,"273,588.28",165759.82,107705.25,123.22,120221.04,conventional,2021,Harrisburg/Scranton
27/06/2021 0:00,1.16,"255,005.57",160261.52,94649.73,94.32,110469.99,conventional,2021,Harrisburg/Scranton
20/06/2021 0:00,1.16,"265,080.71",164821.9,100158.91,99.9,114266.59,conventional,2021,Harrisburg/Scranton
11/07/2021 0:00,1.64, -   ,0,0,0,10158.99,organic,2021,Harrisburg/Scranton
04/07/2021 0:00,1.62,0.01,0,0,0,11289.09,organic,2021,Harrisburg/Scranton
27/06/2021 0:00,1.64,0,0,0,0,9567.82,organic,2021,Harrisburg/Scranton
20/06/2021 0:00,1.58,0,0,0,0,11189.22,organic,2021,Harrisburg/Scranton
08/08/2021 0:00,1.13,"228,764.97",146628.04,82098.47,38.46,91901.44,conventional,2021,Harrisburg/Scranton
01/08/2021 0:00,1.09,"253,801.44",158581.18,95171.84,48.41,118393.52,conventional,2021,Harrisburg/Scranton
25/07/2021 0:00,1.07,"241,541.89",151840.82,89656.62,44.45,123147.73,conventional,2021,Harrisburg/Scranton
18/07/2021 0:00,1.04,"243,108.51",149199.64,93850.23,58.65,138568.38,conventional,2021,Harrisburg/Scranton
08/08/2021 0:00,1.53,804.23,138.37,665.85,0,13716.4,organic,2021,Harrisburg/Scranton
01/08/2021 0:00,1.67,570.74,122.64,448.1,0,11778.15,organic,2021,Harrisburg/Scranton
25/07/2021 0:00,1.6,"1,077.37",440.47,636.9,0,12383.35,organic,2021,Harrisburg/Scranton
18/07/2021 0:00,1.59,669.79,117.42,552.37,0,14001.54,organic,2021,Harrisburg/Scranton
05/09/2021 0:00,0.98,"224,520.58",135853.56,88623.05,43.98,138712.58,conventional,2021,Harrisburg/Scranton
29/08/2021 0:00,1.05,"220,982.17",131024.61,89928.44,29.12,112860.36,conventional,2021,Harrisburg/Scranton
22/08/2021 0:00,1.08,"225,112.08",131537.03,93495.84,79.21,107337.13,conventional,2021,Harrisburg/Scranton
15/08/2021 0:00,1.04,"224,744.98",130541.52,94144.03,59.43,128050.71,conventional,2021,Harrisburg/Scranton
05/09/2021 0:00,1.57,935.56,434.74,500.82,0,13816.01,organic,2021,Harrisburg/Scranton
29/08/2021 0:00,1.59,662.05,125.15,536.9,0,14526.35,organic,2021,Harrisburg/Scranton
22/08/2021 0:00,1.61,637.88,155.6,482.28,0,14551.87,organic,2021,Harrisburg/Scranton
15/08/2021 0:00,1.61,605.48,88.9,516.58,0,13154.6,organic,2021,Harrisburg/Scranton
03/10/2021 0:00,1.09,"237,664.72",147939.89,89655.04,69.79,103887.79,conventional,2021,Harrisburg/Scranton
26/09/2021 0:00,1.1,"219,976.72",138673.32,81287.17,16.23,98772.59,conventional,2021,Harrisburg/Scranton
19/09/2021 0:00,1.08,"192,469.26",120667.07,71627.38,174.81,97325.33,conventional,2021,Harrisburg/Scranton
12/09/2021 0:00,1.04,"209,199.19",126499.28,82579.57,120.35,114951.81,conventional,2021,Harrisburg/Scranton
03/10/2021 0:00,1.65,742.8,202.82,539.98,0,11802.16,organic,2021,Harrisburg/Scranton
26/09/2021 0:00,1.63,815.68,253.32,562.36,0,10998.68,organic,2021,Harrisburg/Scranton
19/09/2021 0:00,1.54,"1,344.80",808.08,536.71,0,15354.91,organic,2021,Harrisburg/Scranton
12/09/2021 0:00,1.6,619.12,140.07,479.05,0,13064.09,organic,2021,Harrisburg/Scranton
31/10/2021 0:00,1.18,"218,890.33",135702.52,83108.17,79.64,111961.67,conventional,2021,Harrisburg/Scranton
24/10/2021 0:00,1.17,"201,293.80",125388.83,75838.16,66.81,119684.48,conventional,2021,Harrisburg/Scranton
17/10/2021 0:00,1.18,"217,136.87",134248.17,82860.56,28.15,114229.28,conventional,2021,Harrisburg/Scranton
10/10/2021 0:00,1.17,"194,910.32",117626.57,77186.99,96.77,121208.77,conventional,2021,Harrisburg/Scranton
31/10/2021 0:00,1.61,895.37,373.22,522.14,0,14622.9,organic,2021,Harrisburg/Scranton
24/10/2021 0:00,1.58,897.62,414.91,482.71,0,15130.44,organic,2021,Harrisburg/Scranton
17/10/2021 0:00,1.61,704.8,144.59,560.21,0,13249.35,organic,2021,Harrisburg/Scranton
10/10/2021 0:00,1.6,597.77,133.15,464.62,0,12876.5,organic,2021,Harrisburg/Scranton
28/11/2021 0:00,1.1,"181,625.32",114400.16,67154.04,71.11,104327.23,conventional,2021,Harrisburg/Scranton
21/11/2021 0:00,1.12,"196,899.60",127284.29,69534.39,80.92,107006.27,conventional,2021,Harrisburg/Scranton
14/11/2021 0:00,1.17,"210,116.01",135192.47,74856.43,67.12,118889.25,conventional,2021,Harrisburg/Scranton
07/11/2021 0:00,1.19,"214,771.33",130317.31,84403.94,50.07,114787.97,conventional,2021,Harrisburg/Scranton
28/11/2021 0:00,1.55,778.44,287.23,491.21,0,14720.62,organic,2021,Harrisburg/Scranton
21/11/2021 0:00,1.62,819.62,283.57,536.05,0,12814.23,organic,2021,Harrisburg/Scranton
14/11/2021 0:00,1.58,897.89,359.87,538.02,0,13623.19,organic,2021,Harrisburg/Scranton
07/11/2021 0:00,1.64,818.47,286.59,531.88,0,12892.75,organic,2021,Harrisburg/Scranton
26/12/2021 0:00,1.11,"214,249.49",144323.92,69685.9,239.67,119683.46,conventional,2021,Harrisburg/Scranton
19/12/2021 0:00,1.11,"216,120.96",136014.73,80044.23,62,114120.72,conventional,2021,Harrisburg/Scranton
12/12/2021 0:00,1.1,"207,127.92",132598.57,74475.86,53.49,114640,conventional,2021,Harrisburg/Scranton
05/12/2021 0:00,1.1,"207,743.56",128292.02,79372.1,79.44,106423.42,conventional,2021,Harrisburg/Scranton
26/12/2021 0:00,1.56,786.53,234.63,551.9,0,14606.76,organic,2021,Harrisburg/Scranton
19/12/2021 0:00,1.62,"1,092.06",549.6,542.46,0,13339.33,organic,2021,Harrisburg/Scranton
12/12/2021 0:00,1.58,888.27,393.43,494.85,0,14403.06,organic,2021,Harrisburg/Scranton
05/12/2021 0:00,1.61,"1,154.24",652.58,501.66,0,13659.89,organic,2021,Harrisburg/Scranton
04/01/2021 0:00,1.16,"292,495.46",9975.11,282127.51,392.84,81286.07,conventional,2021,Hartford/Springfield
04/01/2021 0:00,1.44,"13,521.16",328.06,13193.1,0,8379.94,organic,2021,Hartford/Springfield
10/01/2021 0:00,1.26,"279,227.03",10684.05,268300.59,242.39,91772.24,conventional,2021,Hartford/Springfield
10/01/2021 0:00,1.71,"7,394.01",507.59,6880.49,5.93,16623.44,organic,2021,Hartford/Springfield
17/01/2021 0:00,1.22,"290,472.71",11169.23,279137.7,165.78,97240.89,conventional,2021,Hartford/Springfield
17/01/2021 0:00,1.96,"7,827.41",1276.26,6551.16,0,11702.93,organic,2021,Hartford/Springfield
24/01/2021 0:00,1.11,"342,207.66",11821.66,330221.77,164.23,97813.71,conventional,2021,Hartford/Springfield
24/01/2021 0:00,1.77,"6,738.37",378.75,6359.62,0,18835.28,organic,2021,Hartford/Springfield
31/01/2021 0:00,1.17,"300,676.91",10078.09,290313.55,285.27,97726.33,conventional,2021,Hartford/Springfield
31/01/2021 0:00,1.91,"7,910.38",349.42,7556.54,4.42,11720.18,organic,2021,Hartford/Springfield
07/02/2021 0:00,1.11,"371,860.01",11933.98,359631.44,294.59,105190.63,conventional,2021,Hartford/Springfield
07/02/2021 0:00,1.69,"7,332.28",434.17,6898.12,0,18919.04,organic,2021,Hartford/Springfield
14/02/2021 0:00,1.23,"307,564.03",10860.74,296458.83,244.47,94331.1,conventional,2021,Hartford/Springfield
14/02/2021 0:00,1.9,"7,609.12",293.92,7315.2,0,11773.91,organic,2021,Hartford/Springfield
21/02/2021 0:00,1.28,"278,857.17",9639.31,269000.29,217.58,86638.63,conventional,2021,Hartford/Springfield
21/02/2021 0:00,1.73,"8,662.87",451.41,8210.35,1.12,14656.37,organic,2021,Hartford/Springfield
28/02/2021 0:00,1.26,"281,445.58",9485.91,271683.02,276.65,92736.9,conventional,2021,Hartford/Springfield
28/02/2021 0:00,1.83,"8,249.12",332.65,7916.47,0,17453.23,organic,2021,Hartford/Springfield
07/03/2021 0:00,1.25,"304,222.06",11579.87,292401.66,240.53,97409.26,conventional,2021,Hartford/Springfield
07/03/2021 0:00,1.94,"8,885.10",338.87,8545.11,1.12,11817.01,organic,2021,Hartford/Springfield
14/03/2021 0:00,1.26,"276,518.26",10165.58,266165.77,186.9,101132.73,conventional,2021,Hartford/Springfield
14/03/2021 0:00,2.06,"7,111.85",359.39,6752.47,0,11777.12,organic,2021,Hartford/Springfield
21/03/2021 0:00,1.23,"288,860.81",9549.96,279010.67,300.17,104446.16,conventional,2021,Hartford/Springfield
21/03/2021 0:00,2.07,"6,332.52",339.81,5992.71,0,10465.38,organic,2021,Hartford/Springfield
28/03/2021 0:00,1.28,"279,356.86",11632.4,267573.87,150.59,121807.5,conventional,2021,Hartford/Springfield
28/03/2021 0:00,2.17,"7,802.19",391.79,7410.39,0,9556.99,organic,2021,Hartford/Springfield
04/04/2021 0:00,1.34,"294,492.21",12587.75,281637.29,267.18,95433.02,conventional,2021,Hartford/Springfield
04/04/2021 0:00,2.15,"6,095.83",332.49,5763.34,0,9668.89,organic,2021,Hartford/Springfield
11/04/2021 0:00,1.35,"276,627.26",10776.29,265704.43,146.53,94886.58,conventional,2021,Hartford/Springfield
11/04/2021 0:00,2.03,"8,513.89",213.06,8300.83,0,9684.68,organic,2021,Hartford/Springfield
18/04/2021 0:00,1.23,"349,235.76",10237.89,338606.55,391.32,94943,conventional,2021,Hartford/Springfield
18/04/2021 0:00,2.08,"5,115.61",275.94,4839.67,0,11437.83,organic,2021,Hartford/Springfield
25/04/2021 0:00,1.38,"287,842.03",10040.91,277619.66,181.46,89600.36,conventional,2021,Hartford/Springfield
25/04/2021 0:00,2.14,"5,399.60",227.82,5171.78,0,10653.99,organic,2021,Hartford/Springfield
02/05/2021 0:00,1.2,"359,002.50",9242.06,349489.15,271.3,98299.9,conventional,2021,Hartford/Springfield
02/05/2021 0:00,1.99,"7,257.29",185.7,7067.16,4.44,11588.92,organic,2021,Hartford/Springfield
09/05/2021 0:00,1.33,"317,059.18",12716.38,304069.24,273.56,85344.65,conventional,2021,Hartford/Springfield
09/05/2021 0:00,2.17,"6,403.94",195.75,6208.19,0,10702.21,organic,2021,Hartford/Springfield
16/05/2021 0:00,1.36,"282,580.44",10366.36,271860.2,353.88,74327.86,conventional,2021,Hartford/Springfield
16/05/2021 0:00,2.18,"6,474.28",168.83,6302.12,3.34,10392.18,organic,2021,Hartford/Springfield
13/06/2021 0:00,1.45,"279,195.52",10141.92,268793.92,259.67,91573.22,conventional,2021,Hartford/Springfield
06/06/2021 0:00,1.44,"286,065.48",10571.79,275243.71,249.98,94430.51,conventional,2021,Hartford/Springfield
30/05/2021 0:00,1.48,"282,595.79",10527.89,271820.44,247.47,94377.94,conventional,2021,Hartford/Springfield
23/05/2021 0:00,1.43,"282,473.86",9045.7,273148.85,279.32,105849.29,conventional,2021,Hartford/Springfield
13/06/2021 0:00,2.15,"6,606.19",223.76,6382.42,0,10901.67,organic,2021,Hartford/Springfield
06/06/2021 0:00,2.16,"6,886.28",271.66,6614.63,0,10668.74,organic,2021,Hartford/Springfield
30/05/2021 0:00,2,"8,227.21",258.56,7968.65,0,10608.61,organic,2021,Hartford/Springfield
23/05/2021 0:00,2.16,"6,702.59",167.52,6532.84,2.23,10790.94,organic,2021,Hartford/Springfield
11/07/2021 0:00,1.47,"279,032.54",12046.33,266892.68,93.53,83335.08,conventional,2021,Hartford/Springfield
04/07/2021 0:00,1.46,"293,120.49",10129.92,282788.28,202.3,84712.71,conventional,2021,Hartford/Springfield
27/06/2021 0:00,1.38,"317,026.53",10593.41,306364.01,69.12,73203.16,conventional,2021,Hartford/Springfield
20/06/2021 0:00,1.5,"293,526.52",10594.83,282797.17,134.52,77466.93,conventional,2021,Hartford/Springfield
11/07/2021 0:00,2,0,0,0,0,7678.01,organic,2021,Hartford/Springfield
04/07/2021 0:00,1.92,0,0,0,0,8107.38,organic,2021,Hartford/Springfield
27/06/2021 0:00,1.97,0,0,0,0,8008.58,organic,2021,Hartford/Springfield
20/06/2021 0:00,1.85,0,0,0,0,9446.35,organic,2021,Hartford/Springfield
08/08/2021 0:00,1.47,"253,449.20",9570.8,241779.37,2099.04,67944.27,conventional,2021,Hartford/Springfield
01/08/2021 0:00,1.38,"265,818.79",9562.74,254994.48,1261.56,73869.85,conventional,2021,Hartford/Springfield
25/07/2021 0:00,1.49,"245,358.55",8720,236479.42,159.13,62852.64,conventional,2021,Hartford/Springfield
18/07/2021 0:00,1.39,"264,231.44",10372.73,253663.89,194.83,77051.68,conventional,2021,Hartford/Springfield
08/08/2021 0:00,2.14,"6,010.11",191.31,5818.81,0,10050.13,organic,2021,Hartford/Springfield
01/08/2021 0:00,2.12,"5,556.73",212.99,5342.63,1.11,10092.27,organic,2021,Hartford/Springfield
25/07/2021 0:00,2.16,"7,539.55",381.37,7158.17,0,9961.49,organic,2021,Hartford/Springfield
18/07/2021 0:00,2.18,"6,824.04",163.19,6656.41,4.44,9482.47,organic,2021,Hartford/Springfield
05/09/2021 0:00,1.29,"252,746.04",10913.41,241644.64,188.01,79545.72,conventional,2021,Hartford/Springfield
29/08/2021 0:00,1.38,"216,513.68",9375.96,206972.54,165.18,83248.97,conventional,2021,Hartford/Springfield
22/08/2021 0:00,1.34,"287,287.69",7964.49,278975.76,347.45,74856.14,conventional,2021,Hartford/Springfield
15/08/2021 0:00,1.41,"251,385.56",9663.46,238196.5,3525.61,75529.7,conventional,2021,Hartford/Springfield
05/09/2021 0:00,1.91,"5,109.68",213.54,4896.15,0,13840.41,organic,2021,Hartford/Springfield
29/08/2021 0:00,1.91,"6,513.58",384.75,6125.49,3.33,14358.73,organic,2021,Hartford/Springfield
22/08/2021 0:00,1.89,"5,874.75",227.26,5647.5,0,13161.63,organic,2021,Hartford/Springfield
15/08/2021 0:00,1.93,"6,305.50",180.01,6125.49,0,12706.56,organic,2021,Hartford/Springfield
03/10/2021 0:00,1.38,"244,757.20",55740.6,188908.94,107.66,69155.67,conventional,2021,Hartford/Springfield
26/09/2021 0:00,1.48,"207,717.81",48728.14,158898.19,91.47,72682.72,conventional,2021,Hartford/Springfield
19/09/2021 0:00,1.51,"190,021.96",38651.29,151281.78,88.89,70604.3,conventional,2021,Hartford/Springfield
12/09/2021 0:00,1.38,"207,987.68",13316.99,194439.09,231.6,72372.03,conventional,2021,Hartford/Springfield
03/10/2021 0:00,1.89,"6,347.19",203.34,6143.85,0,10528.83,organic,2021,Hartford/Springfield
26/09/2021 0:00,1.98,"5,831.70",241.02,5590.68,0,10270.86,organic,2021,Hartford/Springfield
19/09/2021 0:00,1.94,"7,285.81",552.12,6733.68,0,12236.73,organic,2021,Hartford/Springfield
12/09/2021 0:00,1.79,"6,869.09",199.74,6669.36,0,13724.13,organic,2021,Hartford/Springfield
31/10/2021 0:00,1.53,"209,833.31",60697.92,149047.3,88.08,72170.99,conventional,2021,Hartford/Springfield
24/10/2021 0:00,1.51,"220,693.75",67821.94,152725.78,146.02,64865.34,conventional,2021,Hartford/Springfield
17/10/2021 0:00,1.53,"206,401.08",59587,146709.09,104.99,77485.42,conventional,2021,Hartford/Springfield
10/10/2021 0:00,1.49,"235,140.36",60509.71,174477.33,153.32,72401.37,conventional,2021,Hartford/Springfield
31/10/2021 0:00,1.96,"6,044.31",738.63,5305.68,0,11354.01,organic,2021,Hartford/Springfield
24/10/2021 0:00,1.89,"6,705.35",1369.46,5335.89,0,11775.11,organic,2021,Hartford/Springfield
17/10/2021 0:00,1.9,"6,600.24",293.67,6306.57,0,10831.54,organic,2021,Hartford/Springfield
10/10/2021 0:00,2,"4,966.93",187.13,4779.81,0,10866.53,organic,2021,Hartford/Springfield
28/11/2021 0:00,1.49,"181,418.76",29442.85,151879.91,96,65416.23,conventional,2021,Hartford/Springfield
21/11/2021 0:00,1.48,"219,857.44",54695.49,164952.54,209.4,73158.24,conventional,2021,Hartford/Springfield
14/11/2021 0:00,1.53,"200,128.91",22733.66,177258.13,137.12,69979.91,conventional,2021,Hartford/Springfield
07/11/2021 0:00,1.49,"222,202.18",25727.93,196320.48,153.77,72511.4,conventional,2021,Hartford/Springfield
28/11/2021 0:00,1.9,"3,767.73",308.52,3459.21,0,10952.43,organic,2021,Hartford/Springfield
21/11/2021 0:00,1.91,"4,417.35",419,3998.35,0,10564.92,organic,2021,Hartford/Springfield
14/11/2021 0:00,1.92,"5,104.40",368.77,4735.63,0,11470.1,organic,2021,Hartford/Springfield
07/11/2021 0:00,1.87,"5,357.98",394.9,4963.09,0,13029.63,organic,2021,Hartford/Springfield
26/12/2021 0:00,1.55,"212,899.36",30332.2,182493.21,73.94,69050.49,conventional,2021,Hartford/Springfield
19/12/2021 0:00,1.51,"234,523.24",41957.89,192541.02,24.33,69533.24,conventional,2021,Hartford/Springfield
12/12/2021 0:00,1.48,"207,532.89",28207.56,179225.4,99.94,76813.36,conventional,2021,Hartford/Springfield
05/12/2021 0:00,1.49,"224,545.40",46306.16,178086.73,152.5,69667.22,conventional,2021,Hartford/Springfield
26/12/2021 0:00,1.91,"4,772.05",495.94,4273.89,2.23,10204.45,organic,2021,Hartford/Springfield
19/12/2021 0:00,1.87,"5,126.30",619.84,4506.46,0,11544.01,organic,2021,Hartford/Springfield
12/12/2021 0:00,1.91,"5,084.82",568.63,4516.19,0,11380.2,organic,2021,Hartford/Springfield
05/12/2021 0:00,1.92,"5,525.33",712.16,4813.17,0,9819.67,organic,2021,Hartford/Springfield
04/01/2021 0:00,0.64,"871,662.59",469345.61,399669.28,2647.7,189867.31,conventional,2021,Houston
04/01/2021 0:00,1.41,"5,724.15",5711.98,12.18,0,2649.81,organic,2021,Houston
10/01/2021 0:00,0.66,"780,579.33",501337.19,275945.51,3296.64,277476.88,conventional,2021,Houston
10/01/2021 0:00,1.47,"5,624.17",5624.17,0,0,3456.99,organic,2021,Houston
17/01/2021 0:00,0.76,"691,406.72",485452.63,203602.96,2351.13,211178.87,conventional,2021,Houston
17/01/2021 0:00,1.64,"4,776.30",4772.24,4.07,0,3620.66,organic,2021,Houston
24/01/2021 0:00,0.68,"777,052.71",492945.11,281490.91,2616.69,201651.3,conventional,2021,Houston
24/01/2021 0:00,1.26,"5,441.08",4741.07,700.01,0,3113.91,organic,2021,Houston
31/01/2021 0:00,0.7,"767,919.03",496825.85,268401.78,2691.41,213174.52,conventional,2021,Houston
31/01/2021 0:00,1.47,"4,875.61",4416.3,459.31,0,3084.64,organic,2021,Houston
07/02/2021 0:00,0.66,"813,061.31",557985.98,252439.55,2635.78,241404.15,conventional,2021,Houston
07/02/2021 0:00,1.47,"3,893.80",3787.8,106,0,3045.13,organic,2021,Houston
14/02/2021 0:00,0.66,"806,227.43",539813.9,262400.47,4013.05,244556.78,conventional,2021,Houston
14/02/2021 0:00,1.48,"4,911.70",4553.77,357.93,0,3391.89,organic,2021,Houston
21/02/2021 0:00,0.7,"586,810.78",418609.48,165425.19,2776.11,136521.57,conventional,2021,Houston
21/02/2021 0:00,1.64,"3,843.76",3709.85,133.91,0,2045.79,organic,2021,Houston
28/02/2021 0:00,0.67,"791,499.42",530938.17,255255.89,5305.36,201819.65,conventional,2021,Houston
28/02/2021 0:00,1.47,"3,999.86",3933,66.87,0,2301.21,organic,2021,Houston
07/03/2021 0:00,0.71,"784,878.12",521776.69,259086.12,4015.3,212062.37,conventional,2021,Houston
07/03/2021 0:00,1.47,"3,723.54",3567,156.54,0,3293.85,organic,2021,Houston
14/03/2021 0:00,0.76,"718,582.14",538436.6,176563.92,3581.61,210657.34,conventional,2021,Houston
14/03/2021 0:00,1.67,"4,293.89",4197.94,95.95,0,3191.61,organic,2021,Houston
21/03/2021 0:00,0.71,"810,212.42",524959.79,282024.72,3227.9,194440.62,conventional,2021,Houston
21/03/2021 0:00,1.63,"7,311.73",7268.82,42.92,0,3159.06,organic,2021,Houston
28/03/2021 0:00,0.83,"693,673.05",427195.11,263152.83,3325.1,189856.27,conventional,2021,Houston
28/03/2021 0:00,1.63,"3,915.69",3805.1,110.59,0,3650.19,organic,2021,Houston
04/04/2021 0:00,0.91,"706,652.22",496353.34,207019.42,3279.46,209462.34,conventional,2021,Houston
04/04/2021 0:00,1.72,"4,409.01",4332.42,76.59,0,3064.03,organic,2021,Houston
11/04/2021 0:00,0.93,"645,867.47",470795.1,172591.75,2480.62,190478.01,conventional,2021,Houston
11/04/2021 0:00,1.77,"4,422.81",4363.21,59.61,0,3342.02,organic,2021,Houston
18/04/2021 0:00,0.92,"659,748.41",489843.41,167359.26,2545.75,212784.92,conventional,2021,Houston
18/04/2021 0:00,1.69,"4,310.48",4242.69,67.79,0,2933.83,organic,2021,Houston
25/04/2021 0:00,0.82,"744,480.80",608006.13,134063.27,2411.39,193003.45,conventional,2021,Houston
25/04/2021 0:00,1.7,"4,892.02",4703.11,188.91,0,3327.84,organic,2021,Houston
02/05/2021 0:00,0.84,"742,768.25",607538.5,132940.24,2289.5,189121.3,conventional,2021,Houston
02/05/2021 0:00,1.67,"4,931.52",4849.37,82.17,0,3462.38,organic,2021,Houston
09/05/2021 0:00,0.84,"742,843.06",586627.98,152818.36,3396.71,205709.33,conventional,2021,Houston
09/05/2021 0:00,1.66,"4,365.59",4324.57,41.03,0,3275.08,organic,2021,Houston
16/05/2021 0:00,0.87,"684,225.37",524272.48,156090.71,3862.18,206899.96,conventional,2021,Houston
16/05/2021 0:00,1.82,"3,833.53",3755.78,77.76,0,3255.92,organic,2021,Houston
13/06/2021 0:00,0.81,"705,017.63",521186.19,180497.41,3334.03,237840.05,conventional,2021,Houston
06/06/2021 0:00,0.86,"711,744.07",513896.62,194769.02,3078.43,204240.5,conventional,2021,Houston
30/05/2021 0:00,0.84,"751,724.84",559453.59,189396.69,2874.56,186107.94,conventional,2021,Houston
23/05/2021 0:00,0.86,"700,169.83",494165.48,203001.5,3002.85,186741.96,conventional,2021,Houston
13/06/2021 0:00,1.83,"3,375.42",3371.26,4.16,0,3774.75,organic,2021,Houston
06/06/2021 0:00,1.81,"3,267.94",3265.86,2.08,0,3918.21,organic,2021,Houston
30/05/2021 0:00,1.8,"3,458.57",3452.37,6.21,0,3712.41,organic,2021,Houston
23/05/2021 0:00,1.74,"3,597.57",3574.93,22.65,0,4135.29,organic,2021,Houston
11/07/2021 0:00,0.83,"725,175.70",496508.05,224115.04,4552.61,227759.53,conventional,2021,Houston
04/07/2021 0:00,0.83,"741,190.34",546830.6,189870.64,4489.1,204801.96,conventional,2021,Houston
27/06/2021 0:00,0.83,"761,250.16",584888.22,173339.78,3022.15,187891.78,conventional,2021,Houston
20/06/2021 0:00,0.92,"690,623.92",479427.56,207610.87,3585.49,204069.1,conventional,2021,Houston
11/07/2021 0:00,1.79, -   ,0,0,0,3941.18,organic,2021,Houston
04/07/2021 0:00,1.68, -   ,0,0,0,3771.47,organic,2021,Houston
27/06/2021 0:00,1.66, -   ,0,0,0,3402,organic,2021,Houston
20/06/2021 0:00,1.81, -   ,0,0,0,3493.22,organic,2021,Houston
08/08/2021 0:00,0.85,"654,607.35",431334.7,220597.91,2674.75,232149.46,conventional,2021,Houston
01/08/2021 0:00,0.9,"600,423.06",384634.78,212089.18,3699.11,223215.63,conventional,2021,Houston
25/07/2021 0:00,0.79,"762,531.01",557278.32,199355.24,5897.46,226159.56,conventional,2021,Houston
18/07/2021 0:00,0.78,"789,314.90",571535.18,213759.02,4020.7,235275.33,conventional,2021,Houston
08/08/2021 0:00,1.67,"4,627.93",4575.28,52.65,0,7646.36,organic,2021,Houston
01/08/2021 0:00,1.81,"5,163.83",5163.84,0,0,7501.07,organic,2021,Houston
25/07/2021 0:00,1.69,"5,016.88",5004.25,12.62,0,7070.04,organic,2021,Houston
18/07/2021 0:00,1.66,"3,862.43",3839.32,23.11,0,6397.78,organic,2021,Houston
05/09/2021 0:00,0.84,"692,582.56",394353.07,294406.36,3823.13,223173.28,conventional,2021,Houston
29/08/2021 0:00,0.83,"736,116.33",417825.79,314518.09,3772.45,218260.51,conventional,2021,Houston
22/08/2021 0:00,0.82,"610,062.50",424991.96,180987.89,4082.64,270797.23,conventional,2021,Houston
15/08/2021 0:00,0.84,"703,751.68",480704.57,219335.75,3711.35,184660.02,conventional,2021,Houston
05/09/2021 0:00,1.72,"5,156.49",5061.16,95.33,0,7040.64,organic,2021,Houston
29/08/2021 0:00,1.69,"3,853.07",3812.75,40.31,0,5611.33,organic,2021,Houston
22/08/2021 0:00,1.8,"3,894.72",3886.24,8.48,0,6350.79,organic,2021,Houston
15/08/2021 0:00,1.69,"4,467.43",4418.84,48.6,0,4750.99,organic,2021,Houston
03/10/2021 0:00,0.99,"463,904.54",353387.15,102156.72,8360.67,134915.08,conventional,2021,Houston
26/09/2021 0:00,0.9,"697,610.53",498047.84,194527.74,5034.94,181794.83,conventional,2021,Houston
19/09/2021 0:00,0.96,"639,606.08",426085.54,208748.53,4772.02,201035.03,conventional,2021,Houston
12/09/2021 0:00,0.91,"654,584.64",440170.07,209716.21,4698.37,202733.09,conventional,2021,Houston
03/10/2021 0:00,1.79,"6,651.58",6608.58,43,0,2833.49,organic,2021,Houston
26/09/2021 0:00,1.74,"5,830.61",5828.49,2.12,0,6799.56,organic,2021,Houston
19/09/2021 0:00,1.8,"6,014.89",6000.03,14.87,0,9084.31,organic,2021,Houston
12/09/2021 0:00,1.83,"4,742.08",4729.34,12.74,0,8077.78,organic,2021,Houston
31/10/2021 0:00,0.93,"445,936.36",336118.22,103038.81,6779.32,272042.13,conventional,2021,Houston
24/10/2021 0:00,1.01,"472,468.41",365700.9,100329.55,6437.96,181814.07,conventional,2021,Houston
17/10/2021 0:00,1.13,"407,827.39",290038.35,110898.44,6890.61,170202.9,conventional,2021,Houston
10/10/2021 0:00,1.12,"397,874.27",278943.62,110021.25,8909.39,170536.29,conventional,2021,Houston
31/10/2021 0:00,1.8,"4,961.99",4900.01,61.98,0,2133.51,organic,2021,Houston
24/10/2021 0:00,1.78,"5,240.98",5231.43,9.54,0,2551.63,organic,2021,Houston
17/10/2021 0:00,1.91,"5,305.92",5296.37,9.55,0,2635.8,organic,2021,Houston
10/10/2021 0:00,1.93,"6,831.15",6764.25,66.9,0,2318.27,organic,2021,Houston
28/11/2021 0:00,1.07,"323,652.22",205653.14,111241.69,6757.39,202213.6,conventional,2021,Houston
21/11/2021 0:00,1.1,"379,694.29",244123.14,127472.56,8098.59,181654.32,conventional,2021,Houston
14/11/2021 0:00,1.05,"438,399.34",300935.82,131603.71,5859.81,233597.15,conventional,2021,Houston
07/11/2021 0:00,1.04,"343,305.02",257735.71,79940.41,5628.89,200839.6,conventional,2021,Houston
28/11/2021 0:00,1.96,"3,771.44",3740.55,30.9,0,1324.65,organic,2021,Houston
21/11/2021 0:00,1.96,"5,580.59",5554.49,26.11,0,1678.94,organic,2021,Houston
14/11/2021 0:00,1.94,"4,768.22",4758.71,9.51,0,1973.34,organic,2021,Houston
07/11/2021 0:00,1.93,"4,318.22",4258.73,59.48,0,1956.42,organic,2021,Houston
26/12/2021 0:00,1.09,"320,204.46",219629.47,96679.2,3895.79,176361.3,conventional,2021,Houston
19/12/2021 0:00,1.14,"323,575.85",203409.72,115779.56,4386.58,180786.67,conventional,2021,Houston
12/12/2021 0:00,1.01,"436,166.63",239590.9,192289.15,4286.58,187373.1,conventional,2021,Houston
05/12/2021 0:00,0.99,"426,945.03",244854.88,177114.22,4975.93,167547.33,conventional,2021,Houston
26/12/2021 0:00,1.98,"5,460.24",5441.44,18.79,0,1317.09,organic,2021,Houston
19/12/2021 0:00,1.98,"4,714.23",4686.07,28.16,0,1517.78,organic,2021,Houston
12/12/2021 0:00,1.97,"4,572.53",4546.6,25.92,0,1411.59,organic,2021,Houston
05/12/2021 0:00,1.9,"4,453.88",4425.58,28.3,0,1542.71,organic,2021,Houston
04/01/2021 0:00,0.77,"127,456.58",50329.58,74769.91,2357.09,56841.16,conventional,2021,Indianapolis
04/01/2021 0:00,1.33,904.85,129.23,775.63,0,3666.18,organic,2021,Indianapolis
10/01/2021 0:00,0.85,"120,831.69",54739.52,63830.26,2261.92,66336.45,conventional,2021,Indianapolis
10/01/2021 0:00,1.35,968.72,161.16,807.57,0,4947.9,organic,2021,Indianapolis
17/01/2021 0:00,0.85,"145,021.55",51808.69,91430.22,1782.65,64501.28,conventional,2021,Indianapolis
17/01/2021 0:00,1.41,"1,271.19",152.33,1118.86,0,4200.95,organic,2021,Indianapolis
24/01/2021 0:00,0.85,"137,341.17",51589.81,84646.82,1104.54,59228.77,conventional,2021,Indianapolis
24/01/2021 0:00,1.45,"1,109.88",121.21,988.67,0,3640.39,organic,2021,Indianapolis
31/01/2021 0:00,0.94,"120,145.48",55997.91,63348.26,799.32,57374.46,conventional,2021,Indianapolis
31/01/2021 0:00,1.58,"1,063.09",163.65,899.44,0,4564.7,organic,2021,Indianapolis
07/02/2021 0:00,0.76,"160,564.83",64760.14,94985.68,819,54757.31,conventional,2021,Indianapolis
07/02/2021 0:00,1.45,933.07,92.09,840.98,0,4435.18,organic,2021,Indianapolis
14/02/2021 0:00,0.83,"115,345.41",51226.43,63755.23,363.76,56180.31,conventional,2021,Indianapolis
14/02/2021 0:00,1.46,"1,107.09",185.8,921.3,0,4799.08,organic,2021,Indianapolis
21/02/2021 0:00,0.86,"115,017.70",48357.83,66162.47,497.4,59604.1,conventional,2021,Indianapolis
21/02/2021 0:00,1.35,974.14,163.12,811.02,0,5392.32,organic,2021,Indianapolis
28/02/2021 0:00,0.82,"121,407.69",47407.66,73504.31,495.71,61603.05,conventional,2021,Indianapolis
28/02/2021 0:00,1.44,982.01,102.27,879.74,0,4995.91,organic,2021,Indianapolis
07/03/2021 0:00,0.89,"119,352.27",46778.16,72211.47,362.64,65229.58,conventional,2021,Indianapolis
07/03/2021 0:00,1.32,964.16,136.63,827.53,0,6160.8,organic,2021,Indianapolis
14/03/2021 0:00,0.92,"114,322.79",47205.85,66842.53,274.42,62399.56,conventional,2021,Indianapolis
14/03/2021 0:00,1.44,994.28,121.84,872.44,0,5022.85,organic,2021,Indianapolis
21/03/2021 0:00,0.95,"120,689.70",46229.18,74108.56,351.96,57421.97,conventional,2021,Indianapolis
21/03/2021 0:00,1.45,889.73,112.33,777.4,0,4197.45,organic,2021,Indianapolis
28/03/2021 0:00,1.05,"115,934.97",45138.41,70517.76,278.8,57758.88,conventional,2021,Indianapolis
28/03/2021 0:00,1.36,886.02,96.03,789.99,0,5298.37,organic,2021,Indianapolis
04/04/2021 0:00,1.12,"110,591.29",46146,64176.15,269.14,57942,conventional,2021,Indianapolis
04/04/2021 0:00,1.68,856.85,114.69,742.16,0,4751.8,organic,2021,Indianapolis
11/04/2021 0:00,1.14,"100,705.79",47457.85,53060.25,187.7,59147.56,conventional,2021,Indianapolis
11/04/2021 0:00,1.77,874.63,110.12,764.52,0,4958.07,organic,2021,Indianapolis
18/04/2021 0:00,1.13,"107,146.35",58303.99,48632.98,209.39,61535.69,conventional,2021,Indianapolis
18/04/2021 0:00,1.68,861.92,154.06,707.85,0,5945.47,organic,2021,Indianapolis
25/04/2021 0:00,1.14,"104,035.85",56030.37,47791.48,214,66773.72,conventional,2021,Indianapolis
25/04/2021 0:00,1.8,939.64,185.54,754.1,0,4882.19,organic,2021,Indianapolis
02/05/2021 0:00,1.02,"119,830.14",65082.85,54545.62,201.66,56830.81,conventional,2021,Indianapolis
02/05/2021 0:00,1.64,"1,132.41",260.76,871.65,0,4826.53,organic,2021,Indianapolis
09/05/2021 0:00,1.02,"123,382.44",77388.52,45822.42,171.5,56358.92,conventional,2021,Indianapolis
09/05/2021 0:00,1.64,923.02,162.06,760.97,0,4773.89,organic,2021,Indianapolis
16/05/2021 0:00,0.98,"110,457.36",63711.5,46485.47,260.4,53482.36,conventional,2021,Indianapolis
16/05/2021 0:00,1.61,810.14,95.23,714.91,0,4049.16,organic,2021,Indianapolis
13/06/2021 0:00,1.08,"111,952.82",45673.79,66010.73,268.3,59718.49,conventional,2021,Indianapolis
06/06/2021 0:00,1.12,"103,372.96",50633.7,52469.63,269.62,58752.67,conventional,2021,Indianapolis
30/05/2021 0:00,1.13,"111,952.59",49101.7,62432.59,418.31,59794.79,conventional,2021,Indianapolis
23/05/2021 0:00,1,"108,319.03",61683.03,46425.29,210.71,60805.08,conventional,2021,Indianapolis
13/06/2021 0:00,1.49,825.24,141.21,684.02,0,5554.24,organic,2021,Indianapolis
06/06/2021 0:00,1.79,715.43,123.53,591.9,0,4721.56,organic,2021,Indianapolis
30/05/2021 0:00,1.78,844.22,114.79,729.44,0,5166.91,organic,2021,Indianapolis
23/05/2021 0:00,1.54,974.48,121.64,852.84,0,5275.19,organic,2021,Indianapolis
11/07/2021 0:00,1,"101,453.54",44430.3,56743.46,279.77,69833.87,conventional,2021,Indianapolis
04/07/2021 0:00,1.06,"106,014.88",42906.13,62817.42,291.33,65787.94,conventional,2021,Indianapolis
27/06/2021 0:00,1.12,"96,850.10",43512.16,52877.14,460.8,59331.3,conventional,2021,Indianapolis
20/06/2021 0:00,1.13,"110,559.26",38002.23,72209.46,347.58,62237.73,conventional,2021,Indianapolis
11/07/2021 0:00,1.55,0.01,0,0,0,5445.71,organic,2021,Indianapolis
04/07/2021 0:00,1.69, -   ,0,0,0,4905.37,organic,2021,Indianapolis
27/06/2021 0:00,1.68, -   ,0,0,0,4751.42,organic,2021,Indianapolis
20/06/2021 0:00,1.53,0.01,0,0,0,5052.16,organic,2021,Indianapolis
08/08/2021 0:00,1.01,"97,182.92",48682.14,48234.89,265.88,59282.25,conventional,2021,Indianapolis
01/08/2021 0:00,1.02,"87,588.93",41391,45926.85,271.08,67869.43,conventional,2021,Indianapolis
25/07/2021 0:00,0.91,"113,317.26",37388.08,75455.65,473.53,59662.96,conventional,2021,Indianapolis
18/07/2021 0:00,0.92,"120,188.63",38555.04,81106.91,526.67,63222.68,conventional,2021,Indianapolis
08/08/2021 0:00,1.78,855.28,110.56,744.72,0,4710.51,organic,2021,Indianapolis
01/08/2021 0:00,1.58,937.68,177.26,760.43,0,6177.2,organic,2021,Indianapolis
25/07/2021 0:00,1.66,784.23,112.87,671.35,0,4363.87,organic,2021,Indianapolis
18/07/2021 0:00,1.61,847.58,132.17,715.41,0,4628.69,organic,2021,Indianapolis
05/09/2021 0:00,1.01,"89,282.81",57337.36,31547.16,398.29,67786.11,conventional,2021,Indianapolis
29/08/2021 0:00,1.06,"81,767.98",36616.9,44753.24,397.84,63167.39,conventional,2021,Indianapolis
22/08/2021 0:00,1,"89,147.76",34528.71,54269.03,350.02,67378.96,conventional,2021,Indianapolis
15/08/2021 0:00,0.96,"109,642.96",37656.99,71535.36,450.6,54953.48,conventional,2021,Indianapolis
05/09/2021 0:00,1.59,936.21,162.77,773.45,0,5424.44,organic,2021,Indianapolis
29/08/2021 0:00,1.76,"1,159.04",185.87,973.18,0,5712.79,organic,2021,Indianapolis
22/08/2021 0:00,1.52,896.21,128.16,768.05,0,5913.41,organic,2021,Indianapolis
15/08/2021 0:00,1.58,807.06,122.84,684.22,0,5366.51,organic,2021,Indianapolis
03/10/2021 0:00,0.96,"99,477.05",71462.94,27792.39,221.72,57253.25,conventional,2021,Indianapolis
26/09/2021 0:00,1.08,"73,147.34",52453.52,20398.31,295.51,43199.55,conventional,2021,Indianapolis
19/09/2021 0:00,1.02,"97,279.00",53710.29,43024.68,544.02,49275.94,conventional,2021,Indianapolis
12/09/2021 0:00,1,"98,165.80",56773.11,41006.62,386.07,55791.52,conventional,2021,Indianapolis
03/10/2021 0:00,1.64,688.43,172.5,515.92,0,3507.3,organic,2021,Indianapolis
26/09/2021 0:00,1.6,700.41,162.29,538.13,0,4676.95,organic,2021,Indianapolis
19/09/2021 0:00,1.75,828.98,194.37,634.61,0,4200.17,organic,2021,Indianapolis
12/09/2021 0:00,1.65,878.54,193.46,685.07,0,4832.95,organic,2021,Indianapolis
31/10/2021 0:00,1.06,"86,741.26",70432.33,16180.62,128.32,54130.76,conventional,2021,Indianapolis
24/10/2021 0:00,1.08,"93,236.60",70924.6,22106.69,205.31,50194.16,conventional,2021,Indianapolis
17/10/2021 0:00,1.06,"89,620.91",70901.51,18487.15,232.25,52158.1,conventional,2021,Indianapolis
10/10/2021 0:00,1.06,"87,670.28",61371.76,26119.98,178.54,57625.52,conventional,2021,Indianapolis
31/10/2021 0:00,1.5,866.86,193.37,673.49,0,5679.73,organic,2021,Indianapolis
24/10/2021 0:00,1.7,750.22,196.23,554,0,4551.93,organic,2021,Indianapolis
17/10/2021 0:00,1.77,797.91,188.25,609.66,0,3719.66,organic,2021,Indianapolis
10/10/2021 0:00,1.75,783.31,154.7,628.62,0,4134.15,organic,2021,Indianapolis
28/11/2021 0:00,1.11,"68,003.75",53872.03,14019.28,112.44,47098.98,conventional,2021,Indianapolis
21/11/2021 0:00,1.05,"88,508.64",72112.29,16236.47,159.88,51331.63,conventional,2021,Indianapolis
14/11/2021 0:00,1.02,"96,173.92",80363.12,15634.86,175.93,67290.73,conventional,2021,Indianapolis
07/11/2021 0:00,1.03,"85,705.77",66244.31,19223.13,238.33,70751.73,conventional,2021,Indianapolis
28/11/2021 0:00,1.79,625.38,113.33,512.06,0,3992.45,organic,2021,Indianapolis
21/11/2021 0:00,1.53,778.44,170.04,608.39,0,4585.93,organic,2021,Indianapolis
14/11/2021 0:00,1.58,881.78,152.74,729.05,0,4432.94,organic,2021,Indianapolis
07/11/2021 0:00,1.62,899.71,163.51,736.21,0,4428.01,organic,2021,Indianapolis
26/12/2021 0:00,1.16,"70,822.16",52043.62,18628.23,150.31,51123.99,conventional,2021,Indianapolis
19/12/2021 0:00,1.13,"86,403.50",64544.65,21669.56,189.29,48568.43,conventional,2021,Indianapolis
12/12/2021 0:00,1.05,"86,188.58",69323.14,16703.09,162.35,54410.01,conventional,2021,Indianapolis
05/12/2021 0:00,0.98,"99,287.84",83923.13,15220.64,144.07,47924.53,conventional,2021,Indianapolis
26/12/2021 0:00,1.79,740.19,130.48,609.7,0,4318.08,organic,2021,Indianapolis
19/12/2021 0:00,1.8,653.4,141.74,511.66,0,4034.25,organic,2021,Indianapolis
12/12/2021 0:00,1.57,759.19,141.49,617.71,0,4842.68,organic,2021,Indianapolis
05/12/2021 0:00,1.79,672.41,102.8,569.61,0,3605.88,organic,2021,Indianapolis
04/01/2021 0:00,0.76,"120,891.12",107606.65,13227.95,56.52,63909.82,conventional,2021,Jacksonville
04/01/2021 0:00,1.06,312.28,39.48,270.69,2.11,11563.84,organic,2021,Jacksonville
10/01/2021 0:00,0.83,"116,801.92",108111.72,8599.67,90.54,72074.71,conventional,2021,Jacksonville
10/01/2021 0:00,1.13,311.22,67.92,243.3,0,10862.05,organic,2021,Jacksonville
17/01/2021 0:00,0.82,"100,958.40",90824.15,10056.51,77.74,79305.13,conventional,2021,Jacksonville
17/01/2021 0:00,1.15,256.64,59.7,196.94,0,10882.1,organic,2021,Jacksonville
24/01/2021 0:00,0.86,"123,520.12",113139.06,10263.17,117.89,70955.09,conventional,2021,Jacksonville
24/01/2021 0:00,1.14,289.57,68.42,221.15,0,10251.28,organic,2021,Jacksonville
31/01/2021 0:00,0.89,"130,599.96",120142.79,10378.94,78.22,72464.35,conventional,2021,Jacksonville
31/01/2021 0:00,1.19,272.63,35.7,236.94,0,9674.3,organic,2021,Jacksonville
07/02/2021 0:00,0.79,"172,744.88",156806.73,15804.21,133.94,98945.94,conventional,2021,Jacksonville
07/02/2021 0:00,1.07,260.15,40.09,220.06,0,10076.52,organic,2021,Jacksonville
14/02/2021 0:00,0.87,"134,722.63",125498.85,9156.01,67.77,75055.64,conventional,2021,Jacksonville
14/02/2021 0:00,1.19,275.34,56.32,219.01,0,8712.13,organic,2021,Jacksonville
21/02/2021 0:00,0.87,"129,929.94",119518.49,10294.34,117.11,69079.4,conventional,2021,Jacksonville
21/02/2021 0:00,1.15,242.22,42.19,200.03,0,10576.94,organic,2021,Jacksonville
28/02/2021 0:00,0.99,"128,746.94",118247.36,10421.61,77.97,73354.93,conventional,2021,Jacksonville
28/02/2021 0:00,1.23,273.82,45.35,228.47,0,11053.73,organic,2021,Jacksonville
07/03/2021 0:00,0.99,"107,087.71",98014.43,9017.12,56.17,74795.07,conventional,2021,Jacksonville
07/03/2021 0:00,1.3,252.38,29.33,223.05,0,11024.83,organic,2021,Jacksonville
14/03/2021 0:00,0.99,"106,867.72",97379.68,9423.34,64.7,74111.82,conventional,2021,Jacksonville
14/03/2021 0:00,1.25,276.69,47.31,229.38,0,12235.79,organic,2021,Jacksonville
21/03/2021 0:00,1,"105,011.68",95730.68,9234.73,46.26,74061.65,conventional,2021,Jacksonville
21/03/2021 0:00,1.4,323.64,27.96,295.68,0,11363.26,organic,2021,Jacksonville
28/03/2021 0:00,1.05,"105,007.13",95883.26,9097.13,26.73,73990.43,conventional,2021,Jacksonville
28/03/2021 0:00,1.46,284.55,33.89,250.67,0,11876.8,organic,2021,Jacksonville
04/04/2021 0:00,1.06,"101,047.88",91449.99,9556.92,40.97,71841.01,conventional,2021,Jacksonville
04/04/2021 0:00,1.48,241.77,33.36,208.42,0,11465.71,organic,2021,Jacksonville
11/04/2021 0:00,1.06,"113,463.03",103577.35,9867.97,17.7,68975.07,conventional,2021,Jacksonville
11/04/2021 0:00,1.47,230.48,23.07,207.4,0,13877.15,organic,2021,Jacksonville
18/04/2021 0:00,1.21,"112,031.52",101956.77,10023.54,51.21,71103.7,conventional,2021,Jacksonville
18/04/2021 0:00,1.45,319.39,69.42,249.96,0,14678.04,organic,2021,Jacksonville
25/04/2021 0:00,1.22,"105,361.13",95889.25,9436.31,35.57,67512.98,conventional,2021,Jacksonville
25/04/2021 0:00,1.46,338.37,44.48,293.89,0,13423.71,organic,2021,Jacksonville
02/05/2021 0:00,1.12,"154,743.60",142560.46,12086.21,96.92,64493.55,conventional,2021,Jacksonville
02/05/2021 0:00,1.39,246.05,19.34,226.71,0,12603.87,organic,2021,Jacksonville
09/05/2021 0:00,1.24,"100,203.60",91794.55,8338.19,70.86,69643.38,conventional,2021,Jacksonville
09/05/2021 0:00,1.42,334.6,61.85,272.75,0,12508.95,organic,2021,Jacksonville
16/05/2021 0:00,1.26,"96,236.00",88161.91,8006.27,67.82,72438.84,conventional,2021,Jacksonville
16/05/2021 0:00,1.43,286.96,57.07,229.89,0,12469.78,organic,2021,Jacksonville
13/06/2021 0:00,1.25,"90,801.22",82948.55,7761.49,91.17,68085.06,conventional,2021,Jacksonville
06/06/2021 0:00,1.21,"87,250.40",79577.88,7598.63,73.89,82364.24,conventional,2021,Jacksonville
30/05/2021 0:00,1.27,"101,494.63",92739.23,8668.29,87.1,71711.89,conventional,2021,Jacksonville
23/05/2021 0:00,1.26,"92,814.24",84896.34,7836.51,81.39,71943.35,conventional,2021,Jacksonville
13/06/2021 0:00,1.46,313.79,74.51,239.28,0,12995.15,organic,2021,Jacksonville
06/06/2021 0:00,1.47,231.78,53.82,177.96,0,13255.37,organic,2021,Jacksonville
30/05/2021 0:00,1.4,246.82,28.64,218.18,0,15767.77,organic,2021,Jacksonville
23/05/2021 0:00,1.29,299.22,37.01,262.22,0,19123.08,organic,2021,Jacksonville
11/07/2021 0:00,1.01,"93,935.44",86459.55,7372.52,103.36,74037.52,conventional,2021,Jacksonville
04/07/2021 0:00,1.02,"104,656.12",95134.43,9382.31,139.38,77199.99,conventional,2021,Jacksonville
27/06/2021 0:00,1.24,"96,452.63",88181.54,8132.14,138.94,72139.04,conventional,2021,Jacksonville
20/06/2021 0:00,1.25,"89,171.22",81657.89,7457.24,56.09,71021.36,conventional,2021,Jacksonville
11/07/2021 0:00,1.45,-0.01,0,0,0,9531.53,organic,2021,Jacksonville
04/07/2021 0:00,1.47,0,0,0,0,12362.21,organic,2021,Jacksonville
27/06/2021 0:00,1.51,0,0,0,0,10915.95,organic,2021,Jacksonville
20/06/2021 0:00,1.49, -   ,0,0,0,11712.57,organic,2021,Jacksonville
08/08/2021 0:00,1.21,"81,758.94",70930.75,10794.99,33.2,52620.83,conventional,2021,Jacksonville
01/08/2021 0:00,1.15,"85,251.21",77220.1,7957.91,73.2,67560.73,conventional,2021,Jacksonville
25/07/2021 0:00,0.97,"92,215.36",83441.5,8686.44,87.41,78124.39,conventional,2021,Jacksonville
18/07/2021 0:00,0.98,"91,008.31",81930.31,9002.3,75.7,86987.01,conventional,2021,Jacksonville
08/08/2021 0:00,1.36,241.41,57.23,184.18,0,12654.85,organic,2021,Jacksonville
01/08/2021 0:00,1.4,193.52,44.74,148.78,0,10601.24,organic,2021,Jacksonville
25/07/2021 0:00,1.45,200.95,32.35,168.61,0,9924.94,organic,2021,Jacksonville
18/07/2021 0:00,1.37,300.72,38.42,262.3,0,9750.87,organic,2021,Jacksonville
05/09/2021 0:00,1.18,"84,650.14",78689.66,5927.93,32.55,72262.69,conventional,2021,Jacksonville
29/08/2021 0:00,1.19,"82,808.49",75573.31,7222.24,12.94,72240.8,conventional,2021,Jacksonville
22/08/2021 0:00,1.11,"89,177.64",80788.42,8357.2,32.02,72275.97,conventional,2021,Jacksonville
15/08/2021 0:00,1.15,"78,481.44",69675.4,8773.27,32.77,70005.63,conventional,2021,Jacksonville
05/09/2021 0:00,1.3,279.05,74.69,204.35,0,16327.46,organic,2021,Jacksonville
29/08/2021 0:00,1.29,234.8,78.28,156.52,0,15880.47,organic,2021,Jacksonville
22/08/2021 0:00,1.53,212.29,64.93,147.37,0,13349.64,organic,2021,Jacksonville
15/08/2021 0:00,1.45,229.02,49.43,179.6,0,13380.55,organic,2021,Jacksonville
03/10/2021 0:00,1.15,"108,288.33",98763.92,9482.08,42.32,51994.72,conventional,2021,Jacksonville
26/09/2021 0:00,1.2,"81,011.84",68337.07,12654.74,20.03,76481.02,conventional,2021,Jacksonville
19/09/2021 0:00,1.22,"83,202.81",72078.89,11095.85,28.07,73624.54,conventional,2021,Jacksonville
12/09/2021 0:00,1.24,"82,955.61",74531.83,8401.38,22.39,70399.98,conventional,2021,Jacksonville
03/10/2021 0:00,1.17,227.5,47.79,179.72,0,13318.46,organic,2021,Jacksonville
26/09/2021 0:00,1.43,248.34,82.09,166.25,0,7776.43,organic,2021,Jacksonville
19/09/2021 0:00,1.66,237.55,59.82,177.74,0,13306.2,organic,2021,Jacksonville
12/09/2021 0:00,1.18,255.68,50.93,204.76,0,18216.43,organic,2021,Jacksonville
31/10/2021 0:00,1.1,"91,099.44",84107.32,6944.61,47.51,49958.29,conventional,2021,Jacksonville
24/10/2021 0:00,1.13,"90,366.11",83641.38,6692.6,32.13,52609.65,conventional,2021,Jacksonville
17/10/2021 0:00,1.11,"93,690.62",86929.65,6489.67,271.3,48684.03,conventional,2021,Jacksonville
10/10/2021 0:00,1.17,"104,711.61",97200.45,7325.28,185.88,44577.97,conventional,2021,Jacksonville
31/10/2021 0:00,0.96,169.35,75.84,93.5,0,20899.32,organic,2021,Jacksonville
24/10/2021 0:00,1.02,239.64,95.21,144.42,0,20287.64,organic,2021,Jacksonville
17/10/2021 0:00,0.98,201.14,52.53,148.61,0,18231.71,organic,2021,Jacksonville
10/10/2021 0:00,0.89,182.87,40.45,142.42,0,19054.04,organic,2021,Jacksonville
28/11/2021 0:00,1.05,"94,283.05",89451.98,4792.18,38.88,38810.4,conventional,2021,Jacksonville
21/11/2021 0:00,1.13,"82,882.57",76746.13,6093.42,43,42561.79,conventional,2021,Jacksonville
14/11/2021 0:00,1.12,"83,736.76",77554.71,6114.12,67.92,45156.22,conventional,2021,Jacksonville
07/11/2021 0:00,1.13,"78,579.22",73577,4971.24,30.98,42988.41,conventional,2021,Jacksonville
28/11/2021 0:00,1.01,140.16,46.84,93.33,0,15589.82,organic,2021,Jacksonville
21/11/2021 0:00,0.99,283.13,164.81,118.32,0,19971.76,organic,2021,Jacksonville
14/11/2021 0:00,0.99,236.84,116.34,120.5,0,19176.4,organic,2021,Jacksonville
07/11/2021 0:00,1.02,159.99,27.01,132.97,0,19817.62,organic,2021,Jacksonville
26/12/2021 0:00,1.04,"96,876.45",90737.28,6100.42,38.74,37404.01,conventional,2021,Jacksonville
19/12/2021 0:00,1.13,"82,872.77",76878.87,5966.32,27.58,41643.44,conventional,2021,Jacksonville
12/12/2021 0:00,1.12,"89,631.65",83011.38,6576.19,44.09,44496.87,conventional,2021,Jacksonville
05/12/2021 0:00,1.11,"90,093.23",83954.26,6091.6,47.37,41817.18,conventional,2021,Jacksonville
26/12/2021 0:00,1,220.99,82.49,138.49,0,18856.64,organic,2021,Jacksonville
19/12/2021 0:00,0.99,197.29,58.64,138.64,0,20506.82,organic,2021,Jacksonville
12/12/2021 0:00,0.98,161.83,60.45,101.38,0,20141.92,organic,2021,Jacksonville
05/12/2021 0:00,1,193.58,42.54,151.03,0,19929.78,organic,2021,Jacksonville
04/01/2021 0:00,0.74,"108,894.36",57997.49,50634.75,262.11,117725.1,conventional,2021,Las Vegas
04/01/2021 0:00,1.46,834.74,520.66,314.07,0,5871.73,organic,2021,Las Vegas
10/01/2021 0:00,0.86,"100,158.92",65727.18,34371.66,60.08,143705.19,conventional,2021,Las Vegas
10/01/2021 0:00,1.52,"1,414.58",798.68,615.9,0,6965.18,organic,2021,Las Vegas
17/01/2021 0:00,0.93,"82,151.35",54145.13,27934.43,71.79,139536.81,conventional,2021,Las Vegas
17/01/2021 0:00,1.56,"1,336.75",844.49,492.26,0,6957.43,organic,2021,Las Vegas
24/01/2021 0:00,0.86,"103,602.30",65113.47,37705.59,783.24,133415.01,conventional,2021,Las Vegas
24/01/2021 0:00,1.53,"1,080.53",800.89,279.64,0,6443.46,organic,2021,Las Vegas
31/01/2021 0:00,0.74,"121,959.74",64972.01,56796.58,191.15,122751.37,conventional,2021,Las Vegas
31/01/2021 0:00,1.53,"1,084.11",746.69,337.42,0,6421.67,organic,2021,Las Vegas
07/02/2021 0:00,0.86,"118,972.49",72890.07,43754.19,2328.23,141837.33,conventional,2021,Las Vegas
07/02/2021 0:00,1.49,965.12,620.94,344.17,0,6931.18,organic,2021,Las Vegas
14/02/2021 0:00,0.86,"111,213.63",72638.38,37594.01,981.23,142704.62,conventional,2021,Las Vegas
14/02/2021 0:00,1.49,905.89,614.85,291.05,0,7149.98,organic,2021,Las Vegas
21/02/2021 0:00,0.95,"102,985.06",67287.24,35594.99,102.82,131784.48,conventional,2021,Las Vegas
21/02/2021 0:00,1.51,"1,071.68",784.1,287.58,0,7546.09,organic,2021,Las Vegas
28/02/2021 0:00,0.77,"120,819.86",67786.02,52918.92,114.92,123263.33,conventional,2021,Las Vegas
28/02/2021 0:00,1.48,909.47,602.25,307.22,0,6828.28,organic,2021,Las Vegas
07/03/2021 0:00,0.92,"100,594.01",62357.38,38216.79,19.84,130305.47,conventional,2021,Las Vegas
07/03/2021 0:00,1.49,"1,008.90",689.73,319.17,0,7166.78,organic,2021,Las Vegas
14/03/2021 0:00,0.99,"98,798.90",68731.92,30012.83,54.15,137243.67,conventional,2021,Las Vegas
14/03/2021 0:00,1.46,887.28,606.27,281.01,0,7515.11,organic,2021,Las Vegas
21/03/2021 0:00,0.87,"107,316.67",62565.92,44540.17,210.57,132184.37,conventional,2021,Las Vegas
21/03/2021 0:00,1.43,"1,426.76",464.43,962.32,0,7510.65,organic,2021,Las Vegas
28/03/2021 0:00,1.02,"104,234.23",58201.08,45924.97,108.17,126141.53,conventional,2021,Las Vegas
28/03/2021 0:00,1.46,848.83,476.22,372.61,0,8131.46,organic,2021,Las Vegas
04/04/2021 0:00,1.15,"108,820.20",63295.44,45321.8,202.96,111974.7,conventional,2021,Las Vegas
04/04/2021 0:00,1.63,"1,168.14",791.78,376.37,0,6197.89,organic,2021,Las Vegas
11/04/2021 0:00,1.15,"94,868.53",63059.28,31633.57,175.68,119119.68,conventional,2021,Las Vegas
11/04/2021 0:00,1.61,"1,161.20",705.14,456.06,0,7897.58,organic,2021,Las Vegas
18/04/2021 0:00,1.16,"93,945.17",60705.23,32985.83,254.11,125238.74,conventional,2021,Las Vegas
18/04/2021 0:00,1.62,"1,207.02",789.7,417.32,0,7909.52,organic,2021,Las Vegas
25/04/2021 0:00,1.16,"92,925.90",57755.12,35080.34,90.44,118253.79,conventional,2021,Las Vegas
25/04/2021 0:00,1.65,"1,152.13",741.01,411.12,0,7695.58,organic,2021,Las Vegas
02/05/2021 0:00,1.09,"110,573.75",56531.78,53928.1,113.87,112082.48,conventional,2021,Las Vegas
02/05/2021 0:00,1.58,"1,120.64",705.14,415.5,0,7683.51,organic,2021,Las Vegas
09/05/2021 0:00,1.12,"93,490.68",50336.21,43037.15,117.32,108733.02,conventional,2021,Las Vegas
09/05/2021 0:00,1.59,"1,090.14",726.76,363.38,0,8103.24,organic,2021,Las Vegas
16/05/2021 0:00,1.09,"83,936.59",49393.59,34468.32,74.68,106781.67,conventional,2021,Las Vegas
16/05/2021 0:00,1.59,949.38,578.13,371.25,0,7815.15,organic,2021,Las Vegas
13/06/2021 0:00,1.05,"76,450.08",48591.6,27764.39,94.08,115404.5,conventional,2021,Las Vegas
06/06/2021 0:00,1.1,"80,298.28",50248.79,29819.5,229.98,113875.71,conventional,2021,Las Vegas
30/05/2021 0:00,1.11,"76,812.55",48283.73,28415.35,113.46,116775.47,conventional,2021,Las Vegas
23/05/2021 0:00,1.08,"79,231.25",48715.72,30418.01,97.51,113903.23,conventional,2021,Las Vegas
13/06/2021 0:00,1.76,"1,008.23",646.23,362,0,7208.64,organic,2021,Las Vegas
06/06/2021 0:00,1.75,"1,132.19",675.87,456.33,0,7384.39,organic,2021,Las Vegas
30/05/2021 0:00,1.74,954.61,571.75,382.86,0,6505.28,organic,2021,Las Vegas
23/05/2021 0:00,1.66,"1,132.53",686.42,446.12,0,6957.83,organic,2021,Las Vegas
11/07/2021 0:00,0.96,"88,095.33",54040.32,32687.58,1367.43,130712.21,conventional,2021,Las Vegas
04/07/2021 0:00,0.93,"100,983.83",56016.31,41458.37,3509.15,116699.82,conventional,2021,Las Vegas
27/06/2021 0:00,0.92,"92,824.63",51917.99,38195.13,2711.51,107405.1,conventional,2021,Las Vegas
20/06/2021 0:00,1.02,"86,118.08",51122.11,30956.73,4039.24,116927.66,conventional,2021,Las Vegas
11/07/2021 0:00,1.73, -   ,0,0,0,6047.87,organic,2021,Las Vegas
04/07/2021 0:00,1.68, -   ,0,0,0,6117.83,organic,2021,Las Vegas
27/06/2021 0:00,1.66, -   ,0,0,0,6210.36,organic,2021,Las Vegas
20/06/2021 0:00,1.68, -   ,0,0,0,6847.18,organic,2021,Las Vegas
08/08/2021 0:00,0.87,"92,389.98",43532.59,47878.55,978.84,126633.45,conventional,2021,Las Vegas
01/08/2021 0:00,0.98,"81,639.10",44973.56,36389.58,275.96,126809.98,conventional,2021,Las Vegas
25/07/2021 0:00,0.95,"86,134.97",49843.08,33453,2838.89,134893.73,conventional,2021,Las Vegas
18/07/2021 0:00,0.95,"81,793.51",47480.24,31925.62,2387.66,133769.93,conventional,2021,Las Vegas
08/08/2021 0:00,1.71,"1,212.87",745.38,467.49,0,5889.98,organic,2021,Las Vegas
01/08/2021 0:00,1.7,"1,134.09",715.3,418.8,0,5947.99,organic,2021,Las Vegas
25/07/2021 0:00,1.7,"1,373.26",766.25,607,0,6192.11,organic,2021,Las Vegas
18/07/2021 0:00,1.7,"1,044.69",697.79,346.9,0,6371.4,organic,2021,Las Vegas
05/09/2021 0:00,0.9,"92,403.54",50062.47,42212.42,128.65,125112,conventional,2021,Las Vegas
29/08/2021 0:00,0.91,"97,292.73",54592.26,42494.2,206.28,126548.56,conventional,2021,Las Vegas
22/08/2021 0:00,0.98,"104,710.88",58777.35,39563.8,6369.73,123608.94,conventional,2021,Las Vegas
15/08/2021 0:00,0.92,"106,192.36",56271.08,47089.96,2831.31,124065.99,conventional,2021,Las Vegas
05/09/2021 0:00,1.71,"1,204.41",819.06,385.35,0,6004.03,organic,2021,Las Vegas
29/08/2021 0:00,1.69,"1,278.32",896.56,381.75,0,6177.54,organic,2021,Las Vegas
22/08/2021 0:00,1.69,"1,251.01",820.4,430.61,0,6251.31,organic,2021,Las Vegas
15/08/2021 0:00,1.6,"1,345.42",919.25,426.18,0,6494.91,organic,2021,Las Vegas
03/10/2021 0:00,0.93,"128,349.32",101638.85,26637.36,73.1,127365.78,conventional,2021,Las Vegas
26/09/2021 0:00,0.92,"129,893.91",97398.37,32393.6,101.95,115846.95,conventional,2021,Las Vegas
19/09/2021 0:00,1.11,"96,184.92",52693.27,43408.55,83.11,105356.76,conventional,2021,Las Vegas
12/09/2021 0:00,1.05,"94,772.22",52605.62,42076.27,90.33,99920.72,conventional,2021,Las Vegas
03/10/2021 0:00,1.7,"1,521.74",1151.25,370.49,0,6439.39,organic,2021,Las Vegas
26/09/2021 0:00,1.72,"1,437.67",1048.37,389.31,0,6077.93,organic,2021,Las Vegas
19/09/2021 0:00,1.74,"1,458.58",1057.55,401.03,0,6198.68,organic,2021,Las Vegas
12/09/2021 0:00,1.72,"1,387.51",942.28,445.23,0,6369.69,organic,2021,Las Vegas
31/10/2021 0:00,0.96,"111,599.45",90425.42,20962.03,211.99,120138.59,conventional,2021,Las Vegas
24/10/2021 0:00,0.95,"118,526.52",94632.68,23776.96,116.87,120117.02,conventional,2021,Las Vegas
17/10/2021 0:00,1.1,"96,049.18",65538.62,28363.34,2147.22,121968.1,conventional,2021,Las Vegas
10/10/2021 0:00,1.09,"93,944.28",67366.23,23938.3,2639.75,121928.86,conventional,2021,Las Vegas
31/10/2021 0:00,1.72,"1,374.21",1003.89,370.33,0,5119.67,organic,2021,Las Vegas
24/10/2021 0:00,1.75,"1,364.17",1023.25,340.93,0,6169.54,organic,2021,Las Vegas
17/10/2021 0:00,1.71,"1,665.55",934.94,730.61,0,6580.22,organic,2021,Las Vegas
10/10/2021 0:00,1.73,"2,025.84",1027.67,990.12,8.05,6478.89,organic,2021,Las Vegas
28/11/2021 0:00,1.07,"79,430.24",61378.2,17974.39,77.66,100713.28,conventional,2021,Las Vegas
21/11/2021 0:00,1.1,"81,787.51",58006.54,23692.46,88.51,108302.98,conventional,2021,Las Vegas
14/11/2021 0:00,1.06,"92,132.95",68350.59,23659.78,122.58,135442.82,conventional,2021,Las Vegas
07/11/2021 0:00,0.96,"107,269.16",74253,32927.9,88.27,144588.65,conventional,2021,Las Vegas
28/11/2021 0:00,1.73,978.88,689.38,289.5,0,4423.78,organic,2021,Las Vegas
21/11/2021 0:00,1.74,"1,214.36",849.3,365.07,0,5455.28,organic,2021,Las Vegas
14/11/2021 0:00,1.73,"1,144.52",765.53,378.99,0,5747.7,organic,2021,Las Vegas
07/11/2021 0:00,1.73,"1,392.03",1011.83,380.2,0,5327.83,organic,2021,Las Vegas
26/12/2021 0:00,1.12,"70,398.87",50903.41,19372.83,122.62,114201.99,conventional,2021,Las Vegas
19/12/2021 0:00,1.04,"79,166.32",53486.67,25489.27,190.38,109651.61,conventional,2021,Las Vegas
12/12/2021 0:00,1.06,"91,698.75",60685.06,28020.98,2992.71,112611.44,conventional,2021,Las Vegas
05/12/2021 0:00,1.03,"93,440.33",59401.65,29225.77,4812.91,104523.19,conventional,2021,Las Vegas
26/12/2021 0:00,1.63,"1,133.92",699.33,434.59,0,5341.35,organic,2021,Las Vegas
19/12/2021 0:00,1.7,981.29,676.95,304.35,0,5202.36,organic,2021,Las Vegas
12/12/2021 0:00,1.72,932.74,605.55,327.2,0,5569.99,organic,2021,Las Vegas
05/12/2021 0:00,1.73,990.52,695.23,295.29,0,5230.05,organic,2021,Las Vegas
04/01/2021 0:00,0.92,"1,275,620.04",1000154.72,77034.65,198430.67,608636.07,conventional,2021,Los Angeles
04/01/2021 0:00,1.48,"9,677.14",6730.32,2941.21,5.6,42370.78,organic,2021,Los Angeles
10/01/2021 0:00,1.17,"1,052,156.34",828119.18,63402.95,160634.21,743219.32,conventional,2021,Los Angeles
10/01/2021 0:00,1.81,"11,323.92",8484.39,2829.72,9.81,44147.12,organic,2021,Los Angeles
17/01/2021 0:00,1.14,"1,060,391.16",829750.37,60560.59,170080.2,734265.58,conventional,2021,Los Angeles
17/01/2021 0:00,1.78,"11,703.50",9178.99,2518.91,5.6,46703.08,organic,2021,Los Angeles
24/01/2021 0:00,1.14,"992,662.67",770583.32,65071.18,157008.17,691639.88,conventional,2021,Los Angeles
24/01/2021 0:00,1.71,"13,016.05",10707.37,2308.68,0,50783.12,organic,2021,Los Angeles
31/01/2021 0:00,1.1,"892,622.18",727983.32,73779.25,90859.61,688947.06,conventional,2021,Los Angeles
31/01/2021 0:00,1.53,"9,991.12",7297.65,2690.67,2.8,51197.48,organic,2021,Los Angeles
07/02/2021 0:00,0.9,"1,106,420.86",797000.43,64272.33,245148.09,1113245.16,conventional,2021,Los Angeles
07/02/2021 0:00,1.72,"8,866.47",6300.54,2558.93,7,53564.18,organic,2021,Los Angeles
14/02/2021 0:00,1.12,"778,450.96",493673.02,49297.63,235480.32,708613.62,conventional,2021,Los Angeles
14/02/2021 0:00,1.75,"8,935.25",5666.72,3257.35,11.19,50474.68,organic,2021,Los Angeles
21/02/2021 0:00,1.1,"695,940.32",532617.38,69683.56,93639.38,707127.69,conventional,2021,Los Angeles
21/02/2021 0:00,1.5,"9,191.98",5342.16,3847.02,2.8,52068.19,organic,2021,Los Angeles
28/02/2021 0:00,1.15,"684,908.45",493832.99,61325.19,129750.27,719953.42,conventional,2021,Los Angeles
28/02/2021 0:00,1.72,"11,804.62",5229.15,6572.66,2.8,50617.74,organic,2021,Los Angeles
07/03/2021 0:00,1.19,"653,652.89",468924.23,48613.6,136115.06,711441.5,conventional,2021,Los Angeles
07/03/2021 0:00,1.63,"8,181.93",5341.31,2840.61,0,69629.1,organic,2021,Los Angeles
14/03/2021 0:00,1.24,"691,131.19",518569.06,52327.94,120234.2,724474.06,conventional,2021,Los Angeles
14/03/2021 0:00,1.63,"6,542.18",4362.5,2178.27,1.4,77927.32,organic,2021,Los Angeles
21/03/2021 0:00,1.19,"696,693.75",499989.28,42586.69,154117.79,707754.6,conventional,2021,Los Angeles
21/03/2021 0:00,1.67,"7,610.73",5401.85,2208.88,0,70430.96,organic,2021,Los Angeles
28/03/2021 0:00,1.14,"716,646.63",500959.44,58639.44,157047.74,684442.53,conventional,2021,Los Angeles
28/03/2021 0:00,1.61,"9,389.66",7099.42,2283.2,7.03,79163.95,organic,2021,Los Angeles
04/04/2021 0:00,1.34,"774,083.32",607982.15,41582.13,124519.04,684717.38,conventional,2021,Los Angeles
04/04/2021 0:00,1.66,"7,868.69",4673.55,3183.92,11.22,83118.65,organic,2021,Los Angeles
11/04/2021 0:00,1.36,"842,597.01",709489.19,41877.29,91230.53,665965.04,conventional,2021,Los Angeles
11/04/2021 0:00,1.61,"8,450.74",5018.76,3417.93,14.05,81962.31,organic,2021,Los Angeles
18/04/2021 0:00,1.36,"914,097.16",779157.92,45625.77,89313.47,692637.3,conventional,2021,Los Angeles
18/04/2021 0:00,1.73,"7,191.74",4701.4,2479.11,11.22,73301.17,organic,2021,Los Angeles
25/04/2021 0:00,1.37,"643,858.09",498968.49,68126,76763.59,687098.05,conventional,2021,Los Angeles
25/04/2021 0:00,1.75,"7,862.32",5261.12,2601.21,0,77150.42,organic,2021,Los Angeles
02/05/2021 0:00,1.2,"651,348.95",555983.53,42328.69,53036.73,952276.51,conventional,2021,Los Angeles
02/05/2021 0:00,1.71,"7,085.70",4463.72,2620.57,1.41,71806.11,organic,2021,Los Angeles
09/05/2021 0:00,1.32,"770,057.12",630930.48,44954.37,94172.26,697135.39,conventional,2021,Los Angeles
09/05/2021 0:00,1.74,"7,020.91",4696.63,2315.85,8.43,70920.85,organic,2021,Los Angeles
16/05/2021 0:00,1.28,"702,837.53",568208.01,58475.57,76153.94,630368.54,conventional,2021,Los Angeles
16/05/2021 0:00,1.71,"6,238.87",3653.78,2583.69,1.4,76836.17,organic,2021,Los Angeles
13/06/2021 0:00,1.26,"764,319.48",646650.54,42415.6,75253.35,738516.2,conventional,2021,Los Angeles
06/06/2021 0:00,1.31,"803,025.83",677052.24,57837.1,68136.49,667885.17,conventional,2021,Los Angeles
30/05/2021 0:00,1.33,"730,917.82",628533.78,42296,60088.04,712927.06,conventional,2021,Los Angeles
23/05/2021 0:00,1.33,"637,486.62",530592.82,43118.23,63775.58,671738.05,conventional,2021,Los Angeles
13/06/2021 0:00,1.91,"6,053.03",4054.87,1992.52,5.64,62978.84,organic,2021,Los Angeles
06/06/2021 0:00,1.79,"5,887.85",3663.83,2221.2,2.82,71712.55,organic,2021,Los Angeles
30/05/2021 0:00,1.83,"5,931.31",3727.92,2200.58,2.81,68690.06,organic,2021,Los Angeles
23/05/2021 0:00,1.73,"5,866.24",3745.43,2115.19,5.62,79335.52,organic,2021,Los Angeles
11/07/2021 0:00,1.18,"748,113.70",575974.9,69464.51,102674.3,719599.75,conventional,2021,Los Angeles
04/07/2021 0:00,1.34,"850,780.27",721965.83,48925.74,79888.7,684563.31,conventional,2021,Los Angeles
27/06/2021 0:00,1.31,"728,623.30",605001.5,39765.1,83856.7,651916.15,conventional,2021,Los Angeles
20/06/2021 0:00,1.25,"818,463.67",700444.91,55248.41,62770.35,693699.68,conventional,2021,Los Angeles
11/07/2021 0:00,1.7, -   ,0,0,0,72430.65,organic,2021,Los Angeles
04/07/2021 0:00,1.77,0.01,0,0,0,74678.79,organic,2021,Los Angeles
27/06/2021 0:00,1.77, -   ,0,0,0,68819.72,organic,2021,Los Angeles
20/06/2021 0:00,1.86,-0.01,0,0,0,69399.37,organic,2021,Los Angeles
08/08/2021 0:00,1.25,"766,694.86",589765.33,49484.8,127444.73,777750.35,conventional,2021,Los Angeles
01/08/2021 0:00,1.24,"683,609.79",498245.07,55782.01,129582.7,744002.96,conventional,2021,Los Angeles
25/07/2021 0:00,1.25,"686,460.70",517374.46,51767.44,117318.81,748277.2,conventional,2021,Los Angeles
18/07/2021 0:00,1.1,"685,399.07",500437.99,46013.77,138947.31,1256052.88,conventional,2021,Los Angeles
08/08/2021 0:00,1.93,"6,694.38",4253.69,2437.87,2.82,64045.56,organic,2021,Los Angeles
01/08/2021 0:00,1.97,"7,033.36",4371.15,2660.81,1.41,51400.65,organic,2021,Los Angeles
25/07/2021 0:00,1.8,"7,145.51",4682.85,2447.16,15.5,69738.83,organic,2021,Los Angeles
18/07/2021 0:00,1.84,"6,389.96",3970.42,2408.27,11.27,67182.49,organic,2021,Los Angeles
05/09/2021 0:00,1.14,"824,150.76",696022.72,45172.02,82956.01,1414935.08,conventional,2021,Los Angeles
29/08/2021 0:00,1.19,"707,794.18",556580.93,61502.85,89710.41,800336.13,conventional,2021,Los Angeles
22/08/2021 0:00,1.15,"647,454.79",488652.95,70001.96,88799.88,709815.91,conventional,2021,Los Angeles
15/08/2021 0:00,1.26,"696,369.77",542629.36,47860.95,105879.47,787383.61,conventional,2021,Los Angeles
05/09/2021 0:00,1.81,"7,757.48",5021.73,2734.35,1.41,63631.2,organic,2021,Los Angeles
29/08/2021 0:00,1.87,"7,355.10",4903.28,2450.41,1.41,63110.46,organic,2021,Los Angeles
22/08/2021 0:00,1.83,"6,566.71",4283.44,2283.27,0,74502.91,organic,2021,Los Angeles
15/08/2021 0:00,1.88,"6,719.16",4365.12,2354.04,0,70389.38,organic,2021,Los Angeles
03/10/2021 0:00,1.29,"607,052.87",499762.09,39489.97,67800.82,837783.5,conventional,2021,Los Angeles
26/09/2021 0:00,1.26,"636,648.91",534469.86,38580.76,63598.29,846985.02,conventional,2021,Los Angeles
19/09/2021 0:00,1.27,"701,669.41",615278.39,38625.99,47765.01,767095.52,conventional,2021,Los Angeles
12/09/2021 0:00,1.35,"676,133.11",549427.33,41138.45,85567.32,751210.73,conventional,2021,Los Angeles
03/10/2021 0:00,1.96,"7,363.39",4865.83,2497.56,0,43528.62,organic,2021,Los Angeles
26/09/2021 0:00,1.9,"7,292.21",4887.01,2400.98,4.22,47811.16,organic,2021,Los Angeles
19/09/2021 0:00,1.78,"7,399.36",5060.83,2338.53,0,50778.09,organic,2021,Los Angeles
12/09/2021 0:00,1.78,"7,690.90",5057.08,2633.81,0,67838.36,organic,2021,Los Angeles
31/10/2021 0:00,1.25,"724,281.03",609541.82,45751.24,68987.97,730898.14,conventional,2021,Los Angeles
24/10/2021 0:00,1.22,"764,340.16",631000.06,53364.54,79975.55,749125.39,conventional,2021,Los Angeles
17/10/2021 0:00,1.11,"658,780.84",534985.34,47248.92,76546.58,1285032.93,conventional,2021,Los Angeles
10/10/2021 0:00,1.26,"642,395.21",531498.13,38945.69,71951.4,926817.88,conventional,2021,Los Angeles
31/10/2021 0:00,2.04,"7,534.02",5058.77,2471.03,4.22,40550.94,organic,2021,Los Angeles
24/10/2021 0:00,1.97,"7,350.61",5025.21,2243.84,81.54,38635.41,organic,2021,Los Angeles
17/10/2021 0:00,1.99,"7,677.79",5280.31,2374.97,22.5,39803.17,organic,2021,Los Angeles
10/10/2021 0:00,1.9,"6,925.26",4389.41,2534.44,1.41,46473.53,organic,2021,Los Angeles
28/11/2021 0:00,1.32,"728,917.67",620096.46,32111.1,76710.11,615884.93,conventional,2021,Los Angeles
21/11/2021 0:00,1.31,"628,253.69",510489.02,37796.99,79967.68,697132.12,conventional,2021,Los Angeles
14/11/2021 0:00,1.25,"625,228.07",500784.48,39766.99,84676.6,880642.5,conventional,2021,Los Angeles
07/11/2021 0:00,1.16,"668,777.64",546248.43,62506.64,60022.58,772711.05,conventional,2021,Los Angeles
28/11/2021 0:00,1.64,"5,962.10",4948.42,1010.88,2.8,31480.49,organic,2021,Los Angeles
21/11/2021 0:00,1.87,"7,854.12",5640.49,2198.21,15.42,41343.46,organic,2021,Los Angeles
14/11/2021 0:00,1.77,"6,781.19",4514.77,2266.42,0,79641.59,organic,2021,Los Angeles
07/11/2021 0:00,1.84,"8,301.29",5365.79,2935.51,0,54396.67,organic,2021,Los Angeles
26/12/2021 0:00,1.26,"757,604.70",648803.15,34458.74,74342.8,659136.4,conventional,2021,Los Angeles
19/12/2021 0:00,1.3,"679,283.68",586019.84,29200.12,64063.72,682766.26,conventional,2021,Los Angeles
12/12/2021 0:00,1.18,"968,855.38",841917.68,33119.58,93818.12,707522.28,conventional,2021,Los Angeles
05/12/2021 0:00,1.16,"930,272.98",791680.18,42875.08,95717.72,677528.15,conventional,2021,Los Angeles
26/12/2021 0:00,1.78,"7,649.31",5595.6,2053.72,0,63262.58,organic,2021,Los Angeles
19/12/2021 0:00,1.66,"6,041.98",4766.24,1272.92,2.81,38781.78,organic,2021,Los Angeles
12/12/2021 0:00,1.63,"6,077.48",5143.71,933.78,0,39054.42,organic,2021,Los Angeles
05/12/2021 0:00,1.83,"6,560.22",5498.15,1062.08,0,42906.83,organic,2021,Los Angeles
04/01/2021 0:00,0.87,"49,396.08",24216.92,25110.37,68.78,32094.53,conventional,2021,Louisville
04/01/2021 0:00,1.43,745.1,18.18,726.92,0,1082.4,organic,2021,Louisville
10/01/2021 0:00,0.93,"42,869.93",26544.2,16282.03,43.7,39416.5,conventional,2021,Louisville
10/01/2021 0:00,1.61,865.14,10.23,854.9,0,1432.9,organic,2021,Louisville
17/01/2021 0:00,0.95,"43,422.49",22498.25,20885.39,38.86,41844.93,conventional,2021,Louisville
17/01/2021 0:00,1.96,712.81,0.94,711.87,0,1288.89,organic,2021,Louisville
24/01/2021 0:00,0.89,"52,373.86",24134.59,28201.36,37.92,34621.98,conventional,2021,Louisville
24/01/2021 0:00,1.65,628.43,1.89,626.54,0,1337.81,organic,2021,Louisville
31/01/2021 0:00,0.86,"41,293.58",24573.15,16667.19,53.24,33924.35,conventional,2021,Louisville
31/01/2021 0:00,1.71,674.71,6.11,668.59,0,1235.91,organic,2021,Louisville
07/02/2021 0:00,0.79,"49,030.44",24057.17,24910.78,62.49,36515.59,conventional,2021,Louisville
07/02/2021 0:00,1.72,759.16,2.84,756.31,0,1520.66,organic,2021,Louisville
14/02/2021 0:00,0.9,"43,630.79",22445.29,21142.67,42.84,35997.57,conventional,2021,Louisville
14/02/2021 0:00,1.71,634.69,4.22,630.47,0,1411.08,organic,2021,Louisville
21/02/2021 0:00,0.98,"33,350.81",20654.34,12668.36,28.11,34969.62,conventional,2021,Louisville
21/02/2021 0:00,1.83,558.81,20.83,537.98,0,1493.08,organic,2021,Louisville
28/02/2021 0:00,0.92,"42,422.02",22698.94,19690.8,32.28,36829.18,conventional,2021,Louisville
28/02/2021 0:00,1.66,660.2,9.89,650.31,0,1427.32,organic,2021,Louisville
07/03/2021 0:00,0.98,"38,235.59",23459.68,14751.28,24.62,38843.25,conventional,2021,Louisville
07/03/2021 0:00,1.69,669.61,0,669.6,0,1547.3,organic,2021,Louisville
14/03/2021 0:00,0.96,"35,047.98",23966.7,11067.3,13.98,41671.83,conventional,2021,Louisville
14/03/2021 0:00,1.98,557.19,3.78,553.4,0,1251.95,organic,2021,Louisville
21/03/2021 0:00,0.92,"46,640.47",24018.64,22606.46,15.37,39337.27,conventional,2021,Louisville
21/03/2021 0:00,1.66,623.34,4.94,618.4,0,1242.63,organic,2021,Louisville
28/03/2021 0:00,1.03,"39,675.59",18116.63,21546.74,12.22,37957.69,conventional,2021,Louisville
28/03/2021 0:00,1.6,527.47,0.94,526.52,0,1400.58,organic,2021,Louisville
04/04/2021 0:00,1.16,"36,846.67",23619.35,13183.56,43.77,39578.46,conventional,2021,Louisville
04/04/2021 0:00,2.05,490.92,8.51,482.41,0,1300.89,organic,2021,Louisville
11/04/2021 0:00,1.16,"34,626.12",24723.85,9863.67,38.59,38444.3,conventional,2021,Louisville
11/04/2021 0:00,2.05,564.79,4.73,560.07,0,2035.69,organic,2021,Louisville
18/04/2021 0:00,1.2,"33,721.40",22827.18,10866.94,27.27,40370,conventional,2021,Louisville
18/04/2021 0:00,1.94,682.89,17.28,665.61,0,3517.92,organic,2021,Louisville
25/04/2021 0:00,1.17,"34,698.31",24386.62,10300.77,10.93,40705.2,conventional,2021,Louisville
25/04/2021 0:00,2.11,614.64,26.69,587.95,0,1839.56,organic,2021,Louisville
02/05/2021 0:00,1,"43,802.39",30868.23,12894.15,40,40323.12,conventional,2021,Louisville
02/05/2021 0:00,1.91,571.98,6.07,565.9,0,1530.23,organic,2021,Louisville
09/05/2021 0:00,1.02,"42,613.19",31898.17,10690.65,24.37,38768.59,conventional,2021,Louisville
09/05/2021 0:00,1.91,647.96,0.94,647.01,0,1606.38,organic,2021,Louisville
16/05/2021 0:00,1.13,"36,080.83",25563.94,10466.85,50.05,38133.04,conventional,2021,Louisville
16/05/2021 0:00,2.23,661.14,8.71,652.42,0,1265.48,organic,2021,Louisville
13/06/2021 0:00,1.13,"33,006.06",22062.87,10913.49,29.69,39476.6,conventional,2021,Louisville
06/06/2021 0:00,1.15,"33,918.43",22615.19,11271.42,31.82,39002.13,conventional,2021,Louisville
30/05/2021 0:00,1.11,"34,753.96",22130.25,12580.19,43.53,40513.02,conventional,2021,Louisville
23/05/2021 0:00,1.09,"33,648.26",23109.47,10516.39,22.4,41200.21,conventional,2021,Louisville
13/06/2021 0:00,2.16,681.72,26.46,655.26,0,1732.03,organic,2021,Louisville
06/06/2021 0:00,2.23,723.73,9.45,714.28,0,1406.96,organic,2021,Louisville
30/05/2021 0:00,1.87,768.54,17.01,751.53,0,1357.11,organic,2021,Louisville
23/05/2021 0:00,1.79,932.47,11.86,920.6,0,1445.59,organic,2021,Louisville
11/07/2021 0:00,1.1,"33,523.34",16743.56,16743.97,35.8,32136.38,conventional,2021,Louisville
04/07/2021 0:00,1.13,"35,795.98",16652.03,19131.84,12.12,35993.18,conventional,2021,Louisville
27/06/2021 0:00,1.05,"33,624.56",16570.57,17031.69,22.3,30563.4,conventional,2021,Louisville
20/06/2021 0:00,1.07,"37,956.78",17790.65,20119.67,46.47,35737.59,conventional,2021,Louisville
11/07/2021 0:00,2.22, -   ,0,0,0,713.32,organic,2021,Louisville
04/07/2021 0:00,2.17,-0.01,0,0,0,1240.63,organic,2021,Louisville
27/06/2021 0:00,1.77, -   ,0,0,0,1838.22,organic,2021,Louisville
20/06/2021 0:00,1.44, -   ,0,0,0,4944.74,organic,2021,Louisville
08/08/2021 0:00,1.07,"32,734.31",16223.79,16485.73,24.79,31208.57,conventional,2021,Louisville
01/08/2021 0:00,1.05,"29,233.97",15667.65,13535.01,31.31,32654.7,conventional,2021,Louisville
25/07/2021 0:00,1.01,"34,361.36",17698.01,16597.79,65.55,32827.33,conventional,2021,Louisville
18/07/2021 0:00,1.04,"35,311.48",16421.52,18810.82,79.13,36059.59,conventional,2021,Louisville
08/08/2021 0:00,2.16,661.61,5.27,656.35,0,1056.8,organic,2021,Louisville
01/08/2021 0:00,2.21,720.16,6.32,713.84,0,759.09,organic,2021,Louisville
25/07/2021 0:00,2.28,665.37,11.58,653.78,0,857.47,organic,2021,Louisville
18/07/2021 0:00,2.16,637.04,17.01,620.03,0,1555.03,organic,2021,Louisville
05/09/2021 0:00,0.99,"37,214.98",16626.15,20568.3,20.53,38506.98,conventional,2021,Louisville
29/08/2021 0:00,0.99,"40,151.03",15444.75,24649.72,56.56,35145.08,conventional,2021,Louisville
22/08/2021 0:00,1.04,"34,086.64",16628.98,17416.06,41.6,38340.82,conventional,2021,Louisville
15/08/2021 0:00,1.04,"36,329.81",15563.27,20727.3,39.24,33865.54,conventional,2021,Louisville
05/09/2021 0:00,2,704.52,1.05,703.47,0,1265.26,organic,2021,Louisville
29/08/2021 0:00,1.94,716.03,6.21,709.81,0,1369.37,organic,2021,Louisville
22/08/2021 0:00,2.19,977.17,4.83,972.33,0,1502.59,organic,2021,Louisville
15/08/2021 0:00,2.16,671.15,4.21,666.94,0,1279.35,organic,2021,Louisville
03/10/2021 0:00,1.03,"37,773.72",27762.53,9990.4,20.78,30034.83,conventional,2021,Louisville
26/09/2021 0:00,1,"34,327.88",20287.28,14024.32,16.29,43813.03,conventional,2021,Louisville
19/09/2021 0:00,0.96,"32,991.68",17723.65,15199.83,68.2,49255.44,conventional,2021,Louisville
12/09/2021 0:00,0.99,"34,229.15",17357.71,16813.03,58.4,42643.03,conventional,2021,Louisville
03/10/2021 0:00,1.89,732.24,0,732.24,0,914.85,organic,2021,Louisville
26/09/2021 0:00,2.22,644.16,1.05,643.11,0,1004.8,organic,2021,Louisville
19/09/2021 0:00,2.19,674.64,0,674.63,0,1048.73,organic,2021,Louisville
12/09/2021 0:00,2.25,643.99,8.1,635.9,0,979.27,organic,2021,Louisville
31/10/2021 0:00,0.93,"44,204.60",37589.68,6594.06,20.86,29998.91,conventional,2021,Louisville
24/10/2021 0:00,1.08,"33,715.54",26261.2,7429.45,24.88,33426.49,conventional,2021,Louisville
17/10/2021 0:00,1.09,"34,718.05",27266.2,7431.48,20.37,31975.63,conventional,2021,Louisville
10/10/2021 0:00,1.06,"38,832.44",29356.19,9466.9,9.36,30489.66,conventional,2021,Louisville
31/10/2021 0:00,1.71,669.49,14.3,655.19,0,1408.34,organic,2021,Louisville
24/10/2021 0:00,2.17,538.58,9.47,529.11,0,1031.05,organic,2021,Louisville
17/10/2021 0:00,2.22,668.05,4.21,663.84,0,1016.17,organic,2021,Louisville
10/10/2021 0:00,1.91,660.61,9.36,651.25,0,850.19,organic,2021,Louisville
28/11/2021 0:00,1.21,"28,943.15",20191.4,8735.52,16.22,25790.93,conventional,2021,Louisville
21/11/2021 0:00,1.21,"31,919.33",21482.53,10417.54,19.26,31802.32,conventional,2021,Louisville
14/11/2021 0:00,1.11,"31,397.25",22664.23,8711.85,21.17,42056.64,conventional,2021,Louisville
07/11/2021 0:00,0.92,"39,283.78",32737.74,6524.81,21.22,41118.19,conventional,2021,Louisville
28/11/2021 0:00,2.06,641.69,0,641.69,0,850.67,organic,2021,Louisville
21/11/2021 0:00,2.12,544.71,0,544.71,0,1042.45,organic,2021,Louisville
14/11/2021 0:00,2,562.6,0,562.59,0,1465.46,organic,2021,Louisville
07/11/2021 0:00,1.86,647.65,8.41,639.23,0,1053.49,organic,2021,Louisville
26/12/2021 0:00,1.13,"27,024.11",20614.61,6391.57,17.93,30620.19,conventional,2021,Louisville
19/12/2021 0:00,1.02,"33,342.62",27343.83,5985.44,13.35,27197.92,conventional,2021,Louisville
12/12/2021 0:00,1.01,"37,555.67",32142.32,5383.82,29.52,31980.5,conventional,2021,Louisville
05/12/2021 0:00,1.13,"30,119.42",22581.21,7530.95,7.26,32342.76,conventional,2021,Louisville
26/12/2021 0:00,2.18,493.96,0,493.96,0,1019.03,organic,2021,Louisville
19/12/2021 0:00,2.19,423.9,0,423.9,0,1091.75,organic,2021,Louisville
12/12/2021 0:00,2.14,463.91,1.05,462.86,0,1277.25,organic,2021,Louisville
05/12/2021 0:00,1.92,755.32,0,755.32,0,974.18,organic,2021,Louisville
04/01/2021 0:00,0.78,"520,174.72",472144.87,47940.87,88.99,246611.66,conventional,2021,Miami/Ft. Lauderdale
04/01/2021 0:00,1.05,155.69,155.69,0,0,34872.42,organic,2021,Miami/Ft. Lauderdale
10/01/2021 0:00,0.85,"504,669.64",467979.75,36582.06,107.83,282214.63,conventional,2021,Miami/Ft. Lauderdale
10/01/2021 0:00,1.04,391.79,383.28,8.51,0,45206.07,organic,2021,Miami/Ft. Lauderdale
17/01/2021 0:00,0.85,"539,062.44",498566.96,40388.72,106.76,295857.66,conventional,2021,Miami/Ft. Lauderdale
17/01/2021 0:00,1.02,258.24,252.56,5.68,0,46395.88,organic,2021,Miami/Ft. Lauderdale
24/01/2021 0:00,0.85,"561,798.92",520644.72,41075.7,78.49,295616.46,conventional,2021,Miami/Ft. Lauderdale
24/01/2021 0:00,1.07,268.25,268.24,0,0,42497.52,organic,2021,Miami/Ft. Lauderdale
31/01/2021 0:00,0.88,"659,414.00",613507.95,45817.86,88.2,292379.25,conventional,2021,Miami/Ft. Lauderdale
31/01/2021 0:00,1.08,226.08,226.07,0,0,41876.57,organic,2021,Miami/Ft. Lauderdale
07/02/2021 0:00,0.85,"762,023.25",705985.61,55962.02,75.61,304465.46,conventional,2021,Miami/Ft. Lauderdale
07/02/2021 0:00,1.02,491.2,483.24,7.96,0,43121.61,organic,2021,Miami/Ft. Lauderdale
14/02/2021 0:00,0.86,"574,765.50",532434.49,42183.17,147.85,287241.26,conventional,2021,Miami/Ft. Lauderdale
14/02/2021 0:00,1.11,387.73,386.59,1.14,0,41645.71,organic,2021,Miami/Ft. Lauderdale
21/02/2021 0:00,0.87,"656,997.06",609561.27,47276.2,159.59,293935.56,conventional,2021,Miami/Ft. Lauderdale
21/02/2021 0:00,1.09,137.7,137.7,0,0,44090.01,organic,2021,Miami/Ft. Lauderdale
28/02/2021 0:00,0.99,"558,085.29",515596.18,42386.96,102.15,295718.04,conventional,2021,Miami/Ft. Lauderdale
28/02/2021 0:00,1.13,198.4,197.25,1.14,0,44366.31,organic,2021,Miami/Ft. Lauderdale
07/03/2021 0:00,1,"551,497.34",508756.06,42514.34,226.93,310660.06,conventional,2021,Miami/Ft. Lauderdale
07/03/2021 0:00,1.15,116.46,116.46,0,0,44004.75,organic,2021,Miami/Ft. Lauderdale
14/03/2021 0:00,0.98,"518,850.19",479566.57,39086.27,197.36,312817.96,conventional,2021,Miami/Ft. Lauderdale
14/03/2021 0:00,1.17,131.69,130.55,1.14,0,46166.56,organic,2021,Miami/Ft. Lauderdale
21/03/2021 0:00,1,"539,974.14",496344.2,43452.32,177.61,292694.18,conventional,2021,Miami/Ft. Lauderdale
21/03/2021 0:00,1.24,137.18,137.18,0,0,46139.4,organic,2021,Miami/Ft. Lauderdale
28/03/2021 0:00,1.04,"524,734.31",482569.58,42051.07,113.65,298511.01,conventional,2021,Miami/Ft. Lauderdale
28/03/2021 0:00,1.29,151.66,151.66,0,0,43962.33,organic,2021,Miami/Ft. Lauderdale
04/04/2021 0:00,1.06,"508,596.51",469787.03,38665.07,144.4,293381.89,conventional,2021,Miami/Ft. Lauderdale
04/04/2021 0:00,1.31,115.56,115.55,0,0,40422.18,organic,2021,Miami/Ft. Lauderdale
11/04/2021 0:00,1.06,"582,878.94",540884.04,41878.9,116.01,295657.16,conventional,2021,Miami/Ft. Lauderdale
11/04/2021 0:00,1.26,85.08,81.67,3.41,0,50505.23,organic,2021,Miami/Ft. Lauderdale
18/04/2021 0:00,1.19,"527,635.23",486900.59,40619.19,115.44,296029.38,conventional,2021,Miami/Ft. Lauderdale
18/04/2021 0:00,1.3,122.7,114.75,7.95,0,49149.29,organic,2021,Miami/Ft. Lauderdale
25/04/2021 0:00,1.2,"572,742.35",530999.79,41617.16,125.4,298459.97,conventional,2021,Miami/Ft. Lauderdale
25/04/2021 0:00,1.34,142.53,142.53,0,0,50093.4,organic,2021,Miami/Ft. Lauderdale
02/05/2021 0:00,1.11,"740,608.25",690467.65,49932.1,208.49,283894.36,conventional,2021,Miami/Ft. Lauderdale
02/05/2021 0:00,1.28,134.12,128.44,5.68,0,47071.7,organic,2021,Miami/Ft. Lauderdale
09/05/2021 0:00,1.26,"537,820.54",496794.01,40924.75,101.78,283307.84,conventional,2021,Miami/Ft. Lauderdale
09/05/2021 0:00,1.31,164.76,162.48,2.27,0,51979.9,organic,2021,Miami/Ft. Lauderdale
16/05/2021 0:00,1.24,"500,096.65",459835.18,40141.45,120.03,280493.23,conventional,2021,Miami/Ft. Lauderdale
16/05/2021 0:00,1.34,172.4,162.2,10.21,0,51242.27,organic,2021,Miami/Ft. Lauderdale
13/06/2021 0:00,1.21,"511,517.34",472334.92,39025.38,157.03,313732.82,conventional,2021,Miami/Ft. Lauderdale
06/06/2021 0:00,1.18,"488,684.71",452079.41,36360.73,244.57,363517.36,conventional,2021,Miami/Ft. Lauderdale
30/05/2021 0:00,1.24,"497,689.06",459688.53,37874.21,126.32,303257.9,conventional,2021,Miami/Ft. Lauderdale
23/05/2021 0:00,1.24,"494,611.14",455960.33,38474.53,176.29,308644.07,conventional,2021,Miami/Ft. Lauderdale
13/06/2021 0:00,1.35,289.26,289.27,0,0,50600.41,organic,2021,Miami/Ft. Lauderdale
06/06/2021 0:00,1.33,205.51,205.51,0,0,51473.55,organic,2021,Miami/Ft. Lauderdale
30/05/2021 0:00,1.34,198.2,198.19,0,0,62795.07,organic,2021,Miami/Ft. Lauderdale
23/05/2021 0:00,1.28,153.19,152.05,1.13,0,64083.17,organic,2021,Miami/Ft. Lauderdale
11/07/2021 0:00,1.01,"482,210.13",441887.79,40058.34,264,333154.26,conventional,2021,Miami/Ft. Lauderdale
04/07/2021 0:00,1.02,"483,506.97",447465.79,35643.55,397.63,339509.98,conventional,2021,Miami/Ft. Lauderdale
27/06/2021 0:00,1.17,"489,385.84",454755.57,34267.13,363.15,315610.5,conventional,2021,Miami/Ft. Lauderdale
20/06/2021 0:00,1.2,"455,135.85",422965.22,31985.6,185.04,323417.62,conventional,2021,Miami/Ft. Lauderdale
11/07/2021 0:00,1.38,0.01,0,0,0,30940.56,organic,2021,Miami/Ft. Lauderdale
04/07/2021 0:00,1.47, -   ,0,0,0,48573.94,organic,2021,Miami/Ft. Lauderdale
27/06/2021 0:00,1.5,0,0,0,0,40201.35,organic,2021,Miami/Ft. Lauderdale
20/06/2021 0:00,1.48,0,0,0,0,44768.75,organic,2021,Miami/Ft. Lauderdale
08/08/2021 0:00,1.18,"414,847.04",381029.51,33683.62,133.9,272757.55,conventional,2021,Miami/Ft. Lauderdale
01/08/2021 0:00,1.2,"405,398.11",361141.27,44051.01,205.84,261207.85,conventional,2021,Miami/Ft. Lauderdale
25/07/2021 0:00,0.99,"458,906.44",408239.95,50271.74,394.75,358345.02,conventional,2021,Miami/Ft. Lauderdale
18/07/2021 0:00,0.99,"470,394.00",417728.22,52405.12,260.66,362356.07,conventional,2021,Miami/Ft. Lauderdale
08/08/2021 0:00,1.52,286.94,286.95,0,0,36573.53,organic,2021,Miami/Ft. Lauderdale
01/08/2021 0:00,1.56,289.31,289.32,0,0,34784.84,organic,2021,Miami/Ft. Lauderdale
25/07/2021 0:00,1.54,230.01,230.02,0,0,35028.4,organic,2021,Miami/Ft. Lauderdale
18/07/2021 0:00,1.46,254.91,251.52,3.39,0,38070.62,organic,2021,Miami/Ft. Lauderdale
05/09/2021 0:00,1.2,"368,900.92",339980.26,28883.79,36.86,282439.89,conventional,2021,Miami/Ft. Lauderdale
29/08/2021 0:00,1.19,"367,118.46",338322.11,28735.52,60.84,298217.61,conventional,2021,Miami/Ft. Lauderdale
22/08/2021 0:00,1.13,"389,979.32",357501.55,32418.06,59.71,314525.49,conventional,2021,Miami/Ft. Lauderdale
15/08/2021 0:00,1.14,"398,160.15",366821.13,31222.51,116.5,322693.33,conventional,2021,Miami/Ft. Lauderdale
05/09/2021 0:00,1.41,302.05,292.95,9.09,0,56861.16,organic,2021,Miami/Ft. Lauderdale
29/08/2021 0:00,1.42,351.29,351.29,0,0,50920.04,organic,2021,Miami/Ft. Lauderdale
22/08/2021 0:00,1.59,294.99,293.86,1.13,0,42715.51,organic,2021,Miami/Ft. Lauderdale
15/08/2021 0:00,1.55,299.14,287.82,11.32,0,40627.34,organic,2021,Miami/Ft. Lauderdale
03/10/2021 0:00,1.18,"470,142.50",435705.09,33898.02,539.38,196408.41,conventional,2021,Miami/Ft. Lauderdale
26/09/2021 0:00,1.37,"336,184.61",306801.68,29246.36,136.58,207278.78,conventional,2021,Miami/Ft. Lauderdale
19/09/2021 0:00,1.27,"363,286.83",324734.57,38490.66,61.6,259941.82,conventional,2021,Miami/Ft. Lauderdale
12/09/2021 0:00,1.26,"363,206.63",334666.11,28489.85,50.67,239647.94,conventional,2021,Miami/Ft. Lauderdale
03/10/2021 0:00,1.09,304.95,300.43,4.53,0,64254.06,organic,2021,Miami/Ft. Lauderdale
26/09/2021 0:00,1.31,244.5,239.97,4.53,0,36184.43,organic,2021,Miami/Ft. Lauderdale
19/09/2021 0:00,1.87,287.5,284.1,3.4,0,38579.92,organic,2021,Miami/Ft. Lauderdale
12/09/2021 0:00,1.25,343.22,340.95,2.26,0,59614.82,organic,2021,Miami/Ft. Lauderdale
31/10/2021 0:00,1.14,"414,089.13",384142,29473.89,473.25,199274.19,conventional,2021,Miami/Ft. Lauderdale
24/10/2021 0:00,1.15,"419,799.75",386610.52,32970.75,218.48,195790.61,conventional,2021,Miami/Ft. Lauderdale
17/10/2021 0:00,1.15,"423,476.41",394086.29,29091.55,298.58,203968.89,conventional,2021,Miami/Ft. Lauderdale
10/10/2021 0:00,1.19,"485,487.36",453276.72,31600.77,609.87,188643.43,conventional,2021,Miami/Ft. Lauderdale
31/10/2021 0:00,1.03,333.39,328.86,4.53,0,74086.72,organic,2021,Miami/Ft. Lauderdale
24/10/2021 0:00,1.08,144.38,144.38,0,0,66937.99,organic,2021,Miami/Ft. Lauderdale
17/10/2021 0:00,1.09,200.96,200.96,0,0,52241.32,organic,2021,Miami/Ft. Lauderdale
10/10/2021 0:00,0.93,308.98,308.98,0,0,73637.78,organic,2021,Miami/Ft. Lauderdale
28/11/2021 0:00,1.06,"431,635.83",407263.32,24300.59,71.91,176356.35,conventional,2021,Miami/Ft. Lauderdale
21/11/2021 0:00,1.17,"390,790.61",361885.04,28810.96,94.6,186574.79,conventional,2021,Miami/Ft. Lauderdale
14/11/2021 0:00,1.12,"403,676.80",368653.02,34953.69,70.09,201341.03,conventional,2021,Miami/Ft. Lauderdale
07/11/2021 0:00,1.14,"394,674.02",365369.78,28983.16,321.09,199083.39,conventional,2021,Miami/Ft. Lauderdale
28/11/2021 0:00,0.95,653.71,642.4,11.32,0,73448.68,organic,2021,Miami/Ft. Lauderdale
21/11/2021 0:00,1.02,234.62,232.36,2.26,0,78993.85,organic,2021,Miami/Ft. Lauderdale
14/11/2021 0:00,0.89,119.75,117.49,2.26,0,77141.74,organic,2021,Miami/Ft. Lauderdale
07/11/2021 0:00,0.9,131.67,131.67,0,0,73512.58,organic,2021,Miami/Ft. Lauderdale
26/12/2021 0:00,1.06,"453,161.93",425143.12,27887.62,130.7,169950.71,conventional,2021,Miami/Ft. Lauderdale
19/12/2021 0:00,1.13,"381,987.15",355219.74,26698.43,68.98,190127.11,conventional,2021,Miami/Ft. Lauderdale
12/12/2021 0:00,1.13,"417,281.14",386142.73,31039.89,98.51,198867.67,conventional,2021,Miami/Ft. Lauderdale
05/12/2021 0:00,1.15,"417,953.49",389335.49,28517.23,100.77,195701.45,conventional,2021,Miami/Ft. Lauderdale
26/12/2021 0:00,1.03,213.55,210.16,3.38,0,86482.13,organic,2021,Miami/Ft. Lauderdale
19/12/2021 0:00,1,180.73,172.83,7.91,0,88699.25,organic,2021,Miami/Ft. Lauderdale
12/12/2021 0:00,0.96,215.99,214.86,1.13,0,91868.19,organic,2021,Miami/Ft. Lauderdale
05/12/2021 0:00,0.92,815.17,809.46,5.71,0,86610.97,organic,2021,Miami/Ft. Lauderdale
04/01/2021 0:00,0.91,"2,183,568.46",1396050.13,771079.52,16438.82,1387271.24,conventional,2021,Midsouth
04/01/2021 0:00,1.25,"25,360.99",2342.23,22897.27,121.49,157809.77,organic,2021,Midsouth
10/01/2021 0:00,0.96,"2,088,967.24",1345119.15,729713.2,14134.9,1402792.27,conventional,2021,Midsouth
10/01/2021 0:00,1.34,"25,305.70",2560.66,22561.88,183.15,171585.51,organic,2021,Midsouth
17/01/2021 0:00,1.01,"2,141,964.75",1331064.97,796044.8,14854.99,1393365.65,conventional,2021,Midsouth
17/01/2021 0:00,1.38,"25,297.39",2634.66,22515.93,146.8,169822.8,organic,2021,Midsouth
24/01/2021 0:00,0.96,"2,254,762.85",1434006.82,800634.53,20121.51,1298309.78,conventional,2021,Midsouth
24/01/2021 0:00,1.3,"24,767.15",2338.15,22273.49,155.51,177334.68,organic,2021,Midsouth
31/01/2021 0:00,0.98,"2,289,178.11",1441680.26,830628.29,16869.56,1476373.65,conventional,2021,Midsouth
31/01/2021 0:00,1.29,"25,581.02",2298.42,23065.09,217.52,185935.51,organic,2021,Midsouth
07/02/2021 0:00,0.89,"2,746,652.60",1835316.91,895867.23,15468.46,1645867.16,conventional,2021,Midsouth
07/02/2021 0:00,1.27,"25,629.12",2115.92,23388.44,124.76,179075.62,organic,2021,Midsouth
14/02/2021 0:00,0.97,"2,162,005.11",1366139.79,781238.81,14626.51,1369774.09,conventional,2021,Midsouth
14/02/2021 0:00,1.29,"25,946.21",2179.95,23619.92,146.34,172776.92,organic,2021,Midsouth
21/02/2021 0:00,1.03,"2,108,466.93",1358173.11,734174.98,16118.83,1207290.15,conventional,2021,Midsouth
21/02/2021 0:00,1.32,"25,013.05",2002.59,22876.9,133.57,189594.63,organic,2021,Midsouth
28/02/2021 0:00,1.02,"2,138,945.08",1359215.08,763380.57,16349.43,1321188.74,conventional,2021,Midsouth
28/02/2021 0:00,1.24,"24,660.80",1808.32,22681.62,170.87,201834.43,organic,2021,Midsouth
07/03/2021 0:00,1.02,"2,033,755.64",1316972.14,704250.51,12532.98,1609933.25,conventional,2021,Midsouth
07/03/2021 0:00,1.26,"22,835.46",1882.41,20827.05,126,197406.77,organic,2021,Midsouth
14/03/2021 0:00,1,"2,327,362.36",1546656.05,766902.29,13804.02,1366034.16,conventional,2021,Midsouth
14/03/2021 0:00,1.27,"24,413.84",1918.54,22387.93,107.37,193396.99,organic,2021,Midsouth
21/03/2021 0:00,1.07,"2,155,394.15",1395299.09,745847.17,14247.88,1340569.33,conventional,2021,Midsouth
21/03/2021 0:00,1.24,"25,857.29",2043.21,23675.87,138.21,206164.64,organic,2021,Midsouth
28/03/2021 0:00,1.1,"2,083,898.49",1359614.75,712667.03,11616.71,1465277.88,conventional,2021,Midsouth
28/03/2021 0:00,1.32,"23,191.09",2186.35,20900.07,104.67,217723.14,organic,2021,Midsouth
04/04/2021 0:00,1.17,"2,022,005.70",1298532.31,713528.95,9944.42,1352184.82,conventional,2021,Midsouth
04/04/2021 0:00,1.41,"22,091.41",1950.34,19987.72,153.35,234513.07,organic,2021,Midsouth
11/04/2021 0:00,1.2,"1,986,770.67",1292647.6,683399.29,10723.78,1377755.84,conventional,2021,Midsouth
11/04/2021 0:00,1.44,"23,101.71",1846.95,21092.53,162.24,247763.94,organic,2021,Midsouth
18/04/2021 0:00,1.17,"2,156,327.81",1444452.8,701343.35,10531.66,1401609.46,conventional,2021,Midsouth
18/04/2021 0:00,1.42,"25,651.74",2460.43,23003.92,187.39,267944.57,organic,2021,Midsouth
25/04/2021 0:00,1.22,"1,968,903.22",1300250.84,658754.6,9897.77,1417154.03,conventional,2021,Midsouth
25/04/2021 0:00,1.46,"25,003.48",2395.05,22458.13,150.3,246754.95,organic,2021,Midsouth
02/05/2021 0:00,1.04,"2,537,635.60",1680630.68,836738.04,20266.89,1322130.26,conventional,2021,Midsouth
02/05/2021 0:00,1.39,"22,894.53",1935.28,20872.41,86.85,253603.82,organic,2021,Midsouth
09/05/2021 0:00,1.11,"2,225,437.14",1477149.16,736031.18,12256.8,1350423.67,conventional,2021,Midsouth
09/05/2021 0:00,1.44,"24,442.04",1918.23,22451.38,72.43,237942.05,organic,2021,Midsouth
16/05/2021 0:00,1.23,"1,928,795.60",1276620.6,640062.62,12112.38,1316732.72,conventional,2021,Midsouth
16/05/2021 0:00,1.46,"23,732.79",1683.61,21990.22,58.97,227952.44,organic,2021,Midsouth
13/06/2021 0:00,1.16,"2,081,832.27",1367459.32,701767.93,12605.03,1234231.78,conventional,2021,Midsouth
06/06/2021 0:00,1.22,"1,954,994.31",1258124,687096.11,9774.2,1293702.26,conventional,2021,Midsouth
30/05/2021 0:00,1.22,"2,054,359.05",1325207.68,719390.89,9760.49,1330482.73,conventional,2021,Midsouth
23/05/2021 0:00,1.21,"2,008,422.72",1319140.92,678132.02,11149.79,1327989.32,conventional,2021,Midsouth
13/06/2021 0:00,1.44,"21,996.50",1943.13,20003.87,49.5,260190.88,organic,2021,Midsouth
06/06/2021 0:00,1.42,"22,680.84",1818.23,20809.17,53.43,260959.27,organic,2021,Midsouth
30/05/2021 0:00,1.42,"23,000.14",1675.3,21284.53,40.31,241643.49,organic,2021,Midsouth
23/05/2021 0:00,1.39,"23,588.19",1490.52,22042.29,55.37,248307.34,organic,2021,Midsouth
11/07/2021 0:00,1.17,"1,889,907.51",1195119.31,684877.78,9910.42,1246928.61,conventional,2021,Midsouth
04/07/2021 0:00,1.22,"1,970,952.64",1232514.57,728864.54,9573.53,1295071.82,conventional,2021,Midsouth
27/06/2021 0:00,1.22,"1,862,673.33",1163904.87,689571.37,9197.1,1115911.93,conventional,2021,Midsouth
20/06/2021 0:00,1.2,"1,825,192.08",1111832.02,703507.05,9853.01,1271068.95,conventional,2021,Midsouth
11/07/2021 0:00,1.71, -   ,0,0,0,123679.9,organic,2021,Midsouth
04/07/2021 0:00,1.7, -   ,0,0,0,131213.67,organic,2021,Midsouth
27/06/2021 0:00,1.6, -   ,0,0,0,133040.36,organic,2021,Midsouth
20/06/2021 0:00,1.42, -   ,0,0,0,196499.31,organic,2021,Midsouth
08/08/2021 0:00,1.19,"1,754,763.35",1089382.57,655843.32,9537.47,1032035.06,conventional,2021,Midsouth
01/08/2021 0:00,1.14,"1,740,404.10",1097601.2,633714.45,9088.47,1279086.65,conventional,2021,Midsouth
25/07/2021 0:00,1.16,"1,806,738.97",1140703.36,656697.21,9338.4,1185322.58,conventional,2021,Midsouth
18/07/2021 0:00,1.12,"1,821,245.22",1148023.09,663648.74,9573.4,1381376.2,conventional,2021,Midsouth
08/08/2021 0:00,1.67,"20,300.76",1344.19,18925.66,30.9,157994.01,organic,2021,Midsouth
01/08/2021 0:00,1.74,"20,622.44",1552.09,19040.8,29.56,141443.1,organic,2021,Midsouth
25/07/2021 0:00,1.77,"21,679.01",1315.07,20302,61.94,134709.1,organic,2021,Midsouth
18/07/2021 0:00,1.71,"22,856.31",1464.61,21340.91,50.77,153728.66,organic,2021,Midsouth
05/09/2021 0:00,1.07,"1,575,643.25",1048868.64,516004.01,10770.6,1324817.63,conventional,2021,Midsouth
29/08/2021 0:00,1.11,"1,748,860.10",1022365.06,715483.66,11011.38,1336677.65,conventional,2021,Midsouth
22/08/2021 0:00,1.08,"1,733,322.70",1023188.22,699482.63,10651.85,1599463.65,conventional,2021,Midsouth
15/08/2021 0:00,1.14,"1,738,380.51",1042793.65,685658.07,9928.8,1341185.23,conventional,2021,Midsouth
05/09/2021 0:00,1.68,"24,430.74",2182.5,22183.86,64.38,125915.2,organic,2021,Midsouth
29/08/2021 0:00,1.69,"25,906.31",4840.22,21008.69,57.39,136191.69,organic,2021,Midsouth
22/08/2021 0:00,1.74,"24,096.19",1901.28,22118.17,76.73,174222.99,organic,2021,Midsouth
15/08/2021 0:00,1.74,"20,881.00",1550.79,19285,45.21,161535.38,organic,2021,Midsouth
03/10/2021 0:00,1.23,"1,705,799.31",1143666.7,551555.29,10577.32,1168842.53,conventional,2021,Midsouth
26/09/2021 0:00,1.18,"1,743,733.00",1151086.32,582696.27,9950.41,1239443.43,conventional,2021,Midsouth
19/09/2021 0:00,1.16,"1,695,515.97",1094945.47,588897.82,11672.69,1403192.94,conventional,2021,Midsouth
12/09/2021 0:00,1.19,"1,658,199.16",1020522.3,626893.5,10783.35,1320723.4,conventional,2021,Midsouth
03/10/2021 0:00,1.71,"28,185.95",1629.25,26478.97,77.73,125735.23,organic,2021,Midsouth
26/09/2021 0:00,1.63,"26,929.99",1614.63,25235.11,80.26,141394.82,organic,2021,Midsouth
19/09/2021 0:00,1.68,"28,754.25",1921.45,26748.78,84.02,135518.94,organic,2021,Midsouth
12/09/2021 0:00,1.73,"28,567.76",1872.15,26640.05,55.55,112406.23,organic,2021,Midsouth
31/10/2021 0:00,1.18,"1,622,447.18",1144536.68,463260.44,14650.06,1113899.86,conventional,2021,Midsouth
24/10/2021 0:00,1.24,"1,616,848.96",1122970.29,482327.1,11551.56,1144591.87,conventional,2021,Midsouth
17/10/2021 0:00,1.25,"1,633,737.73",1094993.36,526421.53,12322.85,1208357.38,conventional,2021,Midsouth
10/10/2021 0:00,1.23,"1,666,403.14",1119695.66,534369.08,12338.4,1249611.57,conventional,2021,Midsouth
31/10/2021 0:00,1.62,"20,450.32",1564.55,18842.13,43.64,157673.11,organic,2021,Midsouth
24/10/2021 0:00,1.75,"21,873.29",1670.38,20130.74,72.17,150998.22,organic,2021,Midsouth
17/10/2021 0:00,1.75,"24,819.20",1596.8,23149.78,72.63,144094.36,organic,2021,Midsouth
10/10/2021 0:00,1.68,"23,052.94",1608.88,21383.6,60.47,152620.46,organic,2021,Midsouth
28/11/2021 0:00,1.25,"1,317,288.27",919258.14,389481.39,8548.75,967223.42,conventional,2021,Midsouth
21/11/2021 0:00,1.25,"1,439,740.30",982299.54,445184.2,12256.57,1095479,conventional,2021,Midsouth
14/11/2021 0:00,1.21,"1,580,393.64",1096496.27,470236.16,13661.21,1198139.51,conventional,2021,Midsouth
07/11/2021 0:00,1.18,"1,557,530.08",1090658.32,452815.99,14055.76,1240234.35,conventional,2021,Midsouth
28/11/2021 0:00,1.72,"17,807.19",1480.61,16272.39,54.2,118505.41,organic,2021,Midsouth
21/11/2021 0:00,1.74,"18,228.24",1892.99,16274.71,60.54,133941.41,organic,2021,Midsouth
14/11/2021 0:00,1.68,"19,964.92",2149.21,17764.57,51.14,151554.5,organic,2021,Midsouth
07/11/2021 0:00,1.72,"20,659.20",1840.21,18752.79,66.21,132307.42,organic,2021,Midsouth
26/12/2021 0:00,1.2,"1,391,667.54",955362.96,426132.38,10172.2,1177812.63,conventional,2021,Midsouth
19/12/2021 0:00,1.2,"1,432,211.32",980766.16,440623.81,10821.35,1140283.94,conventional,2021,Midsouth
12/12/2021 0:00,1.17,"1,482,673.27",1051231.14,419293.81,12148.32,1193338.58,conventional,2021,Midsouth
05/12/2021 0:00,1.17,"1,481,490.93",1040805.68,425895.43,14789.81,1260195.4,conventional,2021,Midsouth
26/12/2021 0:00,1.74,"17,044.23",1522.73,15462.77,58.73,138214.25,organic,2021,Midsouth
19/12/2021 0:00,1.73,"17,099.03",1646.53,15401.84,50.66,134661.31,organic,2021,Midsouth
12/12/2021 0:00,1.75,"18,805.12",1863.18,16896.19,45.76,135290.77,organic,2021,Midsouth
05/12/2021 0:00,1.71,"19,080.74",1662.56,17358.94,59.24,128483.59,organic,2021,Midsouth
04/01/2021 0:00,0.8,"127,360.99",106661.68,20597.75,101.56,79466.55,conventional,2021,Nashville
04/01/2021 0:00,1.33,889.91,42.7,847.21,0,6077.79,organic,2021,Nashville
10/01/2021 0:00,0.83,"125,306.29",107183.09,17945.2,178,86650.62,conventional,2021,Nashville
10/01/2021 0:00,1.45,"1,335.16",19.88,1315.28,0,7110.65,organic,2021,Nashville
17/01/2021 0:00,0.85,"127,733.40",108710.93,19017.42,5.05,95583.46,conventional,2021,Nashville
17/01/2021 0:00,1.59,"1,392.28",33.14,1359.13,0,7454.41,organic,2021,Nashville
24/01/2021 0:00,0.85,"129,364.25",108307.79,21044.36,12.1,85323.8,conventional,2021,Nashville
24/01/2021 0:00,1.47,"1,450.25",22.28,1427.97,0,7339.75,organic,2021,Nashville
31/01/2021 0:00,0.87,"129,279.67",109303.96,19963.39,12.32,83849.74,conventional,2021,Nashville
31/01/2021 0:00,1.5,"1,405.78",33.9,1371.88,0,7010.98,organic,2021,Nashville
07/02/2021 0:00,0.85,"143,640.39",121112.57,22331.93,195.89,88072.58,conventional,2021,Nashville
07/02/2021 0:00,1.54,"1,562.10",21.5,1540.61,0,6953.19,organic,2021,Nashville
14/02/2021 0:00,0.87,"122,616.52",100785.1,21818.72,12.71,86867.67,conventional,2021,Nashville
14/02/2021 0:00,1.53,"1,299.06",40.68,1258.38,0,6606.57,organic,2021,Nashville
21/02/2021 0:00,0.93,"131,916.14",114335.91,17350.15,230.08,73293.89,conventional,2021,Nashville
21/02/2021 0:00,1.61,"1,271.75",32.28,1239.48,0,5482.67,organic,2021,Nashville
28/02/2021 0:00,0.91,"115,408.89",96081.3,19026.35,301.25,86430.65,conventional,2021,Nashville
28/02/2021 0:00,1.55,"1,199.23",9.31,1189.93,0,5566.95,organic,2021,Nashville
07/03/2021 0:00,0.94,"113,487.05",96594.29,16738.17,154.59,88444.84,conventional,2021,Nashville
07/03/2021 0:00,1.53,"1,139.25",31.4,1107.85,0,6211.07,organic,2021,Nashville
14/03/2021 0:00,0.93,"110,018.74",99509.15,10481.3,28.3,85752.34,conventional,2021,Nashville
14/03/2021 0:00,1.61,"1,147.75",23.21,1124.53,0,6196.89,organic,2021,Nashville
21/03/2021 0:00,0.98,"119,028.67",99880.36,18756.22,392.09,86462.77,conventional,2021,Nashville
21/03/2021 0:00,1.51,"1,198.68",31.32,1167.37,0,6787.8,organic,2021,Nashville
28/03/2021 0:00,1.03,"114,900.38",93576.78,21235.08,88.52,85140.47,conventional,2021,Nashville
28/03/2021 0:00,1.54,"1,242.26",22.93,1219.32,0,7027.5,organic,2021,Nashville
04/04/2021 0:00,1.12,"102,764.02",88873.35,13873.89,16.79,88318.18,conventional,2021,Nashville
04/04/2021 0:00,1.81,"1,123.77",30.44,1093.34,0,6955.82,organic,2021,Nashville
11/04/2021 0:00,1.15,"106,759.54",95660.13,11094.16,5.25,87139.12,conventional,2021,Nashville
11/04/2021 0:00,1.92,"1,314.94",27.93,1287.01,0,7986.58,organic,2021,Nashville
18/04/2021 0:00,1.17,"113,055.50",101284.92,11696.09,74.49,89687.55,conventional,2021,Nashville
18/04/2021 0:00,1.89,"1,135.84",12.17,1123.66,0,8462.16,organic,2021,Nashville
25/04/2021 0:00,1.19,"101,585.43",89397.44,12178.97,9.03,95845.39,conventional,2021,Nashville
25/04/2021 0:00,1.95,"1,362.20",59.18,1303.02,0,6982.65,organic,2021,Nashville
02/05/2021 0:00,1.05,"127,870.64",117038.81,10825.65,6.19,89929.05,conventional,2021,Nashville
02/05/2021 0:00,1.7,"1,502.09",17.73,1484.35,0,7477.78,organic,2021,Nashville
09/05/2021 0:00,1.13,"117,183.87",105597.11,11584.66,2.1,87514.37,conventional,2021,Nashville
09/05/2021 0:00,1.74,"1,253.26",28.12,1225.13,0,7640.49,organic,2021,Nashville
16/05/2021 0:00,1.2,"106,129.62",96243.01,9875.06,11.54,89375.41,conventional,2021,Nashville
16/05/2021 0:00,2,"1,160.65",20.78,1139.87,0,6560.63,organic,2021,Nashville
13/06/2021 0:00,1.1,"101,165.88",89186,11966.45,13.44,86288.32,conventional,2021,Nashville
06/06/2021 0:00,1.09,"105,721.79",93611.13,12108.56,2.1,89143.14,conventional,2021,Nashville
30/05/2021 0:00,1.06,"114,649.88",98033.29,16608.72,7.88,86042.65,conventional,2021,Nashville
23/05/2021 0:00,1.08,"113,064.67",96135.98,16924.5,4.2,88799,conventional,2021,Nashville
13/06/2021 0:00,1.71,"1,203.70",111.39,1092.31,0,12337.92,organic,2021,Nashville
06/06/2021 0:00,1.95,"1,347.76",54.81,1292.95,0,7529.62,organic,2021,Nashville
30/05/2021 0:00,1.75,"1,368.05",18.38,1349.67,0,7462.47,organic,2021,Nashville
23/05/2021 0:00,1.75,"1,468.07",24.35,1443.71,0,6715.9,organic,2021,Nashville
11/07/2021 0:00,1.1,"102,143.68",79745.02,22386.08,12.58,70927.97,conventional,2021,Nashville
04/07/2021 0:00,1.12,"111,059.57",85644.53,25411.9,3.14,77973.32,conventional,2021,Nashville
27/06/2021 0:00,1.08,"101,894.05",77601.7,24062.62,229.74,68719.49,conventional,2021,Nashville
20/06/2021 0:00,1.12,"99,864.28",75779.88,23633.84,450.56,72349.07,conventional,2021,Nashville
11/07/2021 0:00,1.93, -   ,0,0,0,7688.58,organic,2021,Nashville
04/07/2021 0:00,1.86,-0.01,0,0,0,9279.6,organic,2021,Nashville
27/06/2021 0:00,1.63, -   ,0,0,0,9532.27,organic,2021,Nashville
20/06/2021 0:00,1.26,-0.01,0,0,0,20427.05,organic,2021,Nashville
08/08/2021 0:00,1.12,"96,307.43",74035.54,22264.64,7.24,75171.56,conventional,2021,Nashville
01/08/2021 0:00,1.11,"96,453.29",76864.03,19537.86,51.4,70293.14,conventional,2021,Nashville
25/07/2021 0:00,0.96,"106,215.85",80319,25891.8,5.04,71959.66,conventional,2021,Nashville
18/07/2021 0:00,0.98,"106,491.27",80470.73,25743.7,276.84,75257.43,conventional,2021,Nashville
08/08/2021 0:00,1.87,"1,229.88",82.25,1147.64,0,6532.32,organic,2021,Nashville
01/08/2021 0:00,1.9,"1,295.23",90.96,1204.27,0,7250.49,organic,2021,Nashville
25/07/2021 0:00,1.69,"1,263.88",87.81,1176.06,0,7507.51,organic,2021,Nashville
18/07/2021 0:00,1.66,"1,238.94",62.95,1175.98,0,9115.33,organic,2021,Nashville
05/09/2021 0:00,1.07,"100,072.75",74170.34,25895.79,6.61,91208.99,conventional,2021,Nashville
29/08/2021 0:00,1,"104,054.24",74919.27,29126.36,8.61,109550.63,conventional,2021,Nashville
22/08/2021 0:00,1.03,"104,063.38",77286.46,26765.26,11.65,104757.76,conventional,2021,Nashville
15/08/2021 0:00,1.07,"103,036.62",76187.34,26840.87,8.4,90997.79,conventional,2021,Nashville
05/09/2021 0:00,1.77,"1,419.62",75.55,1344.08,0,7019.29,organic,2021,Nashville
29/08/2021 0:00,1.72,"1,313.79",95.39,1218.4,0,6749.57,organic,2021,Nashville
22/08/2021 0:00,1.94,"1,771.43",62.05,1709.38,0,7569.9,organic,2021,Nashville
15/08/2021 0:00,1.93,"1,328.29",86.76,1241.53,0,7389.31,organic,2021,Nashville
03/10/2021 0:00,1.09,"102,789.68",90539.59,12240.65,9.45,74809.77,conventional,2021,Nashville
26/09/2021 0:00,1.08,"96,731.05",76587.67,20130.47,12.91,101649.03,conventional,2021,Nashville
19/09/2021 0:00,1.07,"95,575.42",76627.73,18940.66,7.03,113454.03,conventional,2021,Nashville
12/09/2021 0:00,1.06,"97,686.39",77253.89,20428.61,3.88,103318.5,conventional,2021,Nashville
03/10/2021 0:00,1.71,"1,238.63",63.53,1175.1,0,6612.37,organic,2021,Nashville
26/09/2021 0:00,2.03,"1,242.62",72.16,1170.46,0,5758.38,organic,2021,Nashville
19/09/2021 0:00,2.01,967.35,58.86,908.49,0,5327.51,organic,2021,Nashville
12/09/2021 0:00,1.85,"1,181.30",44.61,1136.69,0,7048.13,organic,2021,Nashville
31/10/2021 0:00,1.13,"93,091.00",84995.24,8003.35,92.41,80951.42,conventional,2021,Nashville
24/10/2021 0:00,1.14,"91,673.93",83962.5,7615,96.43,85109.42,conventional,2021,Nashville
17/10/2021 0:00,1.13,"94,004.62",85223.49,8724.81,56.33,79820.7,conventional,2021,Nashville
10/10/2021 0:00,1.08,"105,636.66",95316.41,10312.69,7.56,72948.11,conventional,2021,Nashville
31/10/2021 0:00,1.65,"1,141.75",25.52,1116.23,0,7515.28,organic,2021,Nashville
24/10/2021 0:00,1.99,819.26,27.2,792.06,0,5452.47,organic,2021,Nashville
17/10/2021 0:00,2.02,975.28,78.82,896.46,0,5726.79,organic,2021,Nashville
10/10/2021 0:00,1.46,"1,107.79",65.16,1042.63,0,9852.52,organic,2021,Nashville
28/11/2021 0:00,1.12,"79,396.77",68973.4,10412.66,10.71,68838.43,conventional,2021,Nashville
21/11/2021 0:00,1.13,"82,572.87",72027.89,10524.4,20.59,78591.08,conventional,2021,Nashville
14/11/2021 0:00,1.06,"86,453.58",77830.15,8606.2,17.23,97568.7,conventional,2021,Nashville
07/11/2021 0:00,1.04,"90,621.30",83581.24,7023.99,16.07,100401.96,conventional,2021,Nashville
28/11/2021 0:00,1.87,875.72,31.54,844.19,0,5090.22,organic,2021,Nashville
21/11/2021 0:00,1.98,"1,063.87",24.27,1039.6,0,6193.81,organic,2021,Nashville
14/11/2021 0:00,1.86,959.91,36.04,923.88,0,7065.45,organic,2021,Nashville
07/11/2021 0:00,1.66,"1,013.17",45.39,967.78,0,6489.85,organic,2021,Nashville
26/12/2021 0:00,1.04,"83,090.22",71960.59,11008.31,121.33,72815.3,conventional,2021,Nashville
19/12/2021 0:00,1.08,"87,530.86",74262.57,12999.3,268.98,68826.79,conventional,2021,Nashville
12/12/2021 0:00,1.06,"96,740.57",85389.77,11040.28,310.52,78167.16,conventional,2021,Nashville
05/12/2021 0:00,1.02,"90,966.97",82813.46,8116.85,36.66,78680.89,conventional,2021,Nashville
26/12/2021 0:00,1.95,847.72,8.61,839.12,0,6831.09,organic,2021,Nashville
19/12/2021 0:00,1.77,979.13,18.85,960.29,0,6601.2,organic,2021,Nashville
12/12/2021 0:00,1.72,"1,045.22",9.45,1035.76,0,6099.7,organic,2021,Nashville
05/12/2021 0:00,1.66,862.55,8.4,854.15,0,5982.27,organic,2021,Nashville
04/01/2021 0:00,0.63,"187,983.65",156811.81,31061.98,109.86,111320.02,conventional,2021,New orleans/Mobile
04/01/2021 0:00,1.03,55.22,55.23,0,0,9859.26,organic,2021,New orleans/Mobile
10/01/2021 0:00,0.71,"163,686.83",143785.52,19845.44,55.86,148585.97,conventional,2021,New orleans/Mobile
10/01/2021 0:00,1.02,46.83,46.83,0,0,13453.84,organic,2021,New orleans/Mobile
17/01/2021 0:00,0.73,"177,573.68",153233.91,24291.95,47.82,140320.5,conventional,2021,New orleans/Mobile
17/01/2021 0:00,1,27.86,27.86,0,0,12120.62,organic,2021,New orleans/Mobile
24/01/2021 0:00,0.75,"170,157.08",148542.14,21581.68,33.26,144352.19,conventional,2021,New orleans/Mobile
24/01/2021 0:00,1.01,73.99,42.66,31.32,0,13647.2,organic,2021,New orleans/Mobile
31/01/2021 0:00,0.79,"164,616.23",143925.91,20678.98,11.34,131500.52,conventional,2021,New orleans/Mobile
31/01/2021 0:00,1.02,185.72,108.45,77.27,0,12700.06,organic,2021,New orleans/Mobile
07/02/2021 0:00,0.65,"215,073.39",183437.98,31567.13,68.29,167785.89,conventional,2021,New orleans/Mobile
07/02/2021 0:00,0.92,94.78,61.16,33.61,0,15047.02,organic,2021,New orleans/Mobile
14/02/2021 0:00,0.74,"168,598.05",150441.25,18110.86,45.95,124027.32,conventional,2021,New orleans/Mobile
14/02/2021 0:00,1.03,268.51,63.54,204.97,0,13200.88,organic,2021,New orleans/Mobile
21/02/2021 0:00,0.73,"166,405.94",142303.89,23904.24,197.81,118350.19,conventional,2021,New orleans/Mobile
21/02/2021 0:00,1.03,114.6,54.7,59.89,0,13580.7,organic,2021,New orleans/Mobile
28/02/2021 0:00,0.78,"176,909.20",150714.92,26109.82,84.46,140151.93,conventional,2021,New orleans/Mobile
28/02/2021 0:00,1.02,115.14,59.8,55.33,0,13896.87,organic,2021,New orleans/Mobile
07/03/2021 0:00,0.79,"163,327.58",141444.36,21785.19,98.03,148173.38,conventional,2021,New orleans/Mobile
07/03/2021 0:00,1.02,118.05,96.59,21.46,0,15196.07,organic,2021,New orleans/Mobile
14/03/2021 0:00,0.83,"171,340.42",147854.54,23465.96,19.91,144587.8,conventional,2021,New orleans/Mobile
14/03/2021 0:00,1.02,198.92,95.83,103.09,0,15389.31,organic,2021,New orleans/Mobile
21/03/2021 0:00,0.84,"158,390.78",135689.54,22558.33,142.91,139645.72,conventional,2021,New orleans/Mobile
21/03/2021 0:00,1.05,113.94,68.53,45.41,0,15104.97,organic,2021,New orleans/Mobile
28/03/2021 0:00,0.92,"153,960.40",130860.06,23046.66,53.68,140086.19,conventional,2021,New orleans/Mobile
28/03/2021 0:00,1.15,110.41,55.57,54.85,0,14979.16,organic,2021,New orleans/Mobile
04/04/2021 0:00,0.94,"147,724.04",125157.95,22514.9,51.19,135890.85,conventional,2021,New orleans/Mobile
04/04/2021 0:00,1.18,168.54,111.52,57.03,0,14670.02,organic,2021,New orleans/Mobile
11/04/2021 0:00,0.97,"156,287.35",131042.53,25211.67,33.15,122589.62,conventional,2021,New orleans/Mobile
11/04/2021 0:00,1.17,498.32,476.95,21.37,0,14187.22,organic,2021,New orleans/Mobile
18/04/2021 0:00,0.98,"157,645.74",131887.09,25706.57,52.09,136416.51,conventional,2021,New orleans/Mobile
18/04/2021 0:00,1.15,549.14,534.91,14.23,0,16091.78,organic,2021,New orleans/Mobile
25/04/2021 0:00,0.97,"151,272.61",126251.8,25001.39,19.41,139003.48,conventional,2021,New orleans/Mobile
25/04/2021 0:00,1.21,"1,039.60",928.19,111.4,0,14378.18,organic,2021,New orleans/Mobile
02/05/2021 0:00,0.98,"174,739.95",146579.78,28108.09,52.08,137131.93,conventional,2021,New orleans/Mobile
02/05/2021 0:00,1.16,420.99,383.06,37.93,0,15527.33,organic,2021,New orleans/Mobile
09/05/2021 0:00,1.02,"150,966.23",129554.53,20937.93,473.77,132940.1,conventional,2021,New orleans/Mobile
09/05/2021 0:00,1.16,368.12,306.53,61.59,0,16447.32,organic,2021,New orleans/Mobile
16/05/2021 0:00,1,"139,294.80",118931.5,20106.33,256.98,139592.62,conventional,2021,New orleans/Mobile
16/05/2021 0:00,1.17,390.2,340.59,49.6,0,14682.4,organic,2021,New orleans/Mobile
13/06/2021 0:00,0.97,"134,052.01",116032.93,18007.28,11.8,152044.41,conventional,2021,New orleans/Mobile
06/06/2021 0:00,1,"137,207.40",118408.25,18726.92,72.22,136729.35,conventional,2021,New orleans/Mobile
30/05/2021 0:00,1,"136,074.23",118708.29,17325.21,40.72,135050.52,conventional,2021,New orleans/Mobile
23/05/2021 0:00,0.98,"133,728.02",115118.46,18498.25,111.31,129771.16,conventional,2021,New orleans/Mobile
13/06/2021 0:00,1.25,239.66,220.84,18.83,0,8450.94,organic,2021,New orleans/Mobile
06/06/2021 0:00,1.13,106.21,75.55,30.65,0,16343.46,organic,2021,New orleans/Mobile
30/05/2021 0:00,1.15,321.29,297.58,23.71,0,15539.4,organic,2021,New orleans/Mobile
23/05/2021 0:00,1.08,243.16,209.96,33.19,0,25146.85,organic,2021,New orleans/Mobile
11/07/2021 0:00,0.87,"137,727.31",121430.32,16231.05,65.95,126051.22,conventional,2021,New orleans/Mobile
04/07/2021 0:00,0.9,"149,920.80",131778.77,17970.15,171.88,134035.25,conventional,2021,New orleans/Mobile
27/06/2021 0:00,0.97,"133,100.18",117510.84,15358.29,231.05,124446.9,conventional,2021,New orleans/Mobile
20/06/2021 0:00,0.99,"131,394.67",114925.47,16387.29,81.91,139928.75,conventional,2021,New orleans/Mobile
11/07/2021 0:00,1.18, -   ,0,0,0,10806.19,organic,2021,New orleans/Mobile
04/07/2021 0:00,1.16,0.01,0,0,0,16998.83,organic,2021,New orleans/Mobile
27/06/2021 0:00,1.17,0,0,0,0,15533.63,organic,2021,New orleans/Mobile
20/06/2021 0:00,1.15,0,0,0,0,15119.69,organic,2021,New orleans/Mobile
08/08/2021 0:00,0.9,"146,267.64",124662.62,21542.15,62.87,137391.11,conventional,2021,New orleans/Mobile
01/08/2021 0:00,0.92,"129,112.43",109295.72,19800.32,16.39,125809.16,conventional,2021,New orleans/Mobile
25/07/2021 0:00,0.86,"139,909.15",120824.03,18997.38,87.74,146633.52,conventional,2021,New orleans/Mobile
18/07/2021 0:00,0.87,"135,007.19",119019.14,15890.03,98.02,144834.32,conventional,2021,New orleans/Mobile
08/08/2021 0:00,1.2,329.83,299.59,30.24,0,12641.62,organic,2021,New orleans/Mobile
01/08/2021 0:00,1.22,105.56,72.89,32.67,0,14005.32,organic,2021,New orleans/Mobile
25/07/2021 0:00,1.2,98.08,91.04,7.03,0,12930.7,organic,2021,New orleans/Mobile
18/07/2021 0:00,1.22,72.91,65.87,7.05,0,10378.38,organic,2021,New orleans/Mobile
05/09/2021 0:00,1.02,"89,565.87",76820.12,12740.63,5.11,63397.45,conventional,2021,New orleans/Mobile
29/08/2021 0:00,0.9,"123,559.40",112168.58,11378.53,12.28,153030.1,conventional,2021,New orleans/Mobile
22/08/2021 0:00,0.87,"136,010.04",116385.56,19521.83,102.65,135460.11,conventional,2021,New orleans/Mobile
15/08/2021 0:00,0.92,"138,376.08",120012.47,18281.36,82.25,142061.78,conventional,2021,New orleans/Mobile
05/09/2021 0:00,1.23,345.65,243.14,102.51,0,11383.23,organic,2021,New orleans/Mobile
29/08/2021 0:00,1.24,241.9,202.96,38.94,0,11749.47,organic,2021,New orleans/Mobile
22/08/2021 0:00,1.28,88.53,67.81,20.71,0,10621.88,organic,2021,New orleans/Mobile
15/08/2021 0:00,1.22,157.34,115.7,41.65,0,10445.46,organic,2021,New orleans/Mobile
03/10/2021 0:00,1.03,"126,326.54",109469.31,16832.99,24.24,112609.45,conventional,2021,New orleans/Mobile
26/09/2021 0:00,1.05,"122,156.82",106171.51,15937.38,47.94,128528.39,conventional,2021,New orleans/Mobile
19/09/2021 0:00,1.06,"113,972.06",97791.33,16138.1,42.63,98106.36,conventional,2021,New orleans/Mobile
12/09/2021 0:00,0.99,"117,390.46",102188.66,15147.32,54.48,97068.87,conventional,2021,New orleans/Mobile
03/10/2021 0:00,1.33,128.67,108.86,19.82,0,5509.4,organic,2021,New orleans/Mobile
26/09/2021 0:00,1.34,99.75,68.81,30.94,0,8276.45,organic,2021,New orleans/Mobile
19/09/2021 0:00,1.31,178.7,172.03,6.67,0,12675.26,organic,2021,New orleans/Mobile
12/09/2021 0:00,1.21,91.45,64.47,26.97,0,12349.65,organic,2021,New orleans/Mobile
31/10/2021 0:00,0.91,"116,969.41",102496.08,14380.66,92.67,145498.13,conventional,2021,New orleans/Mobile
24/10/2021 0:00,1.03,"118,011.11",103940.5,13846.74,223.87,124823.59,conventional,2021,New orleans/Mobile
17/10/2021 0:00,1.05,"117,204.24",101529.75,15644.38,30.12,117215.13,conventional,2021,New orleans/Mobile
10/10/2021 0:00,1.06,"126,486.28",111024.04,15433.61,28.62,122641.51,conventional,2021,New orleans/Mobile
31/10/2021 0:00,1.14,291.22,256.16,35.06,0,13990.11,organic,2021,New orleans/Mobile
24/10/2021 0:00,1.22,291.86,261.2,30.66,0,10242.18,organic,2021,New orleans/Mobile
17/10/2021 0:00,1.14,182.15,155.81,26.34,0,12089.28,organic,2021,New orleans/Mobile
10/10/2021 0:00,1.34,489.89,439.28,50.61,0,5127.44,organic,2021,New orleans/Mobile
28/11/2021 0:00,0.99,"96,309.61",84756.36,11482.68,70.58,104785.28,conventional,2021,New orleans/Mobile
21/11/2021 0:00,1.02,"108,169.98",94958,13178.57,33.41,113678.96,conventional,2021,New orleans/Mobile
14/11/2021 0:00,0.98,"108,624.24",95421.41,13169.77,33.06,129248.34,conventional,2021,New orleans/Mobile
07/11/2021 0:00,0.97,"113,148.17",100040.18,13070.32,37.68,122593.79,conventional,2021,New orleans/Mobile
28/11/2021 0:00,1.23,114.42,87.94,26.49,0,9734.65,organic,2021,New orleans/Mobile
21/11/2021 0:00,1.21,94.66,63.71,30.94,0,11604.8,organic,2021,New orleans/Mobile
14/11/2021 0:00,1.18,164.37,115.89,48.48,0,13380.61,organic,2021,New orleans/Mobile
07/11/2021 0:00,1.22,266.04,248.47,17.56,0,11962.55,organic,2021,New orleans/Mobile
26/12/2021 0:00,0.96,"108,881.42",96452.55,12346.9,81.97,100554.62,conventional,2021,New orleans/Mobile
19/12/2021 0:00,0.98,"105,702.82",91658.85,14016.57,27.4,114031.55,conventional,2021,New orleans/Mobile
12/12/2021 0:00,0.95,"119,139.18",103483.11,15583.51,72.56,123011.64,conventional,2021,New orleans/Mobile
05/12/2021 0:00,0.98,"115,682.04",101725.47,13886.09,70.48,114125.36,conventional,2021,New orleans/Mobile
26/12/2021 0:00,1.2,124.24,108.14,16.11,0,12229.16,organic,2021,New orleans/Mobile
19/12/2021 0:00,1.2,83.18,69.45,13.74,0,12442.48,organic,2021,New orleans/Mobile
12/12/2021 0:00,1.2,67.76,56.46,11.3,0,12878.99,organic,2021,New orleans/Mobile
05/12/2021 0:00,1.17,92.58,70.29,22.29,0,11809.64,organic,2021,New orleans/Mobile
04/01/2021 0:00,1.04,"1,187,853.74",56397.88,1129766.54,1689.32,727268.11,conventional,2021,New York
04/01/2021 0:00,1.67,"19,053.63",9795.13,9255.51,2.99,67797.17,organic,2021,New York
10/01/2021 0:00,1.11,"1,278,174.45",62295.79,1214946.86,931.8,687219.5,conventional,2021,New York
10/01/2021 0:00,1.42,"17,867.12",10276.98,7571.5,18.65,138380.1,organic,2021,New York
17/01/2021 0:00,1.09,"1,316,026.63",64202.32,1250993.3,831.01,781603.24,conventional,2021,New York
17/01/2021 0:00,1.57,"30,996.82",19443.48,11542.82,10.52,100337.61,organic,2021,New York
24/01/2021 0:00,1.02,"1,490,874.67",74856.21,1415288.58,729.88,806160.45,conventional,2021,New York
24/01/2021 0:00,1.57,"21,179.72",12496.24,8671.28,12.2,120159.93,organic,2021,New York
31/01/2021 0:00,1.03,"1,503,018.40",66996.44,1435328.68,693.28,884504.97,conventional,2021,New York
31/01/2021 0:00,1.57,"20,028.80",11847.73,8073.56,107.5,107916.5,organic,2021,New York
07/02/2021 0:00,1.04,"1,674,600.17",76331.42,1597485.89,782.85,829330.9,conventional,2021,New York
07/02/2021 0:00,1.54,"18,779.03",10532.31,7519.33,727.39,116790.31,organic,2021,New York
14/02/2021 0:00,1.04,"1,481,061.12",66211.42,1413677.69,1172.01,834502.08,conventional,2021,New York
14/02/2021 0:00,1.51,"17,569.46",9469.93,7490.9,608.63,101634.49,organic,2021,New York
21/02/2021 0:00,1.1,"1,243,594.15",59619.14,1182254.3,1720.71,734112.67,conventional,2021,New York
21/02/2021 0:00,1.54,"18,020.30",9462.89,7838.89,718.52,109882.65,organic,2021,New York
28/02/2021 0:00,1.07,"1,379,038.70",57644.68,1320259.07,1134.95,784253.91,conventional,2021,New York
28/02/2021 0:00,1.57,"18,257.86",10281.85,7235.09,740.93,114351.61,organic,2021,New York
07/03/2021 0:00,1.08,"1,427,986.13",56397.8,1370695.55,892.79,791771.02,conventional,2021,New York
07/03/2021 0:00,1.65,"21,433.83",12446.46,8183.46,803.91,92945.46,organic,2021,New York
14/03/2021 0:00,1.14,"1,264,972.94",56474.4,1207460.6,1037.95,800957.25,conventional,2021,New York
14/03/2021 0:00,1.65,"19,585.96",11179.37,7408.99,997.6,93243.12,organic,2021,New York
21/03/2021 0:00,1.08,"1,343,783.64",63092.99,1279843.29,847.37,775908.85,conventional,2021,New York
21/03/2021 0:00,1.66,"20,242.76",12433.16,6819.98,989.62,88218.31,organic,2021,New York
28/03/2021 0:00,1.22,"1,180,573.70",58467.6,1121345.93,760.18,901008.27,conventional,2021,New York
28/03/2021 0:00,1.73,"17,365.49",9451.22,6890.62,1023.66,86491.1,organic,2021,New York
04/04/2021 0:00,1.27,"1,239,616.04",59958.06,1178481.51,1176.47,760283.64,conventional,2021,New York
04/04/2021 0:00,1.82,"17,589.59",9927.57,6682.81,979.21,80416.82,organic,2021,New York
11/04/2021 0:00,1.3,"1,150,758.72",57017.62,1092883.82,857.27,678810.89,conventional,2021,New York
11/04/2021 0:00,1.82,"16,623.87",8742.45,6848.64,1032.79,78097.11,organic,2021,New York
18/04/2021 0:00,1.31,"1,280,103.78",64481.63,1214833.81,788.33,655659.47,conventional,2021,New York
18/04/2021 0:00,1.8,"21,784.76",10905.37,10089.28,790.11,88183.28,organic,2021,New York
25/04/2021 0:00,1.32,"1,245,493.33",61079.67,1183488.6,925.07,702133.29,conventional,2021,New York
25/04/2021 0:00,1.84,"20,031.78",9125.38,10490.63,415.78,88758.96,organic,2021,New York
02/05/2021 0:00,1.23,"1,526,302.36",73423.03,1452014.65,864.69,725104,conventional,2021,New York
02/05/2021 0:00,1.81,"14,444.58",8164.82,6155.24,124.52,89046.39,organic,2021,New York
09/05/2021 0:00,1.25,"1,460,365.73",70798.01,1388453.88,1113.83,670476.71,conventional,2021,New York
09/05/2021 0:00,1.85,"15,627.20",8385.06,7052.22,189.92,82841.79,organic,2021,New York
16/05/2021 0:00,1.25,"1,212,176.20",61054.58,1150323.99,797.62,628129.37,conventional,2021,New York
16/05/2021 0:00,1.86,"20,064.58",8844.23,10997.48,222.87,74852.67,organic,2021,New York
13/06/2021 0:00,1.32,"1,187,871.39",59915.51,1126628.96,1326.92,691079.79,conventional,2021,New York
06/06/2021 0:00,1.31,"1,169,275.33",60244.33,1108200.11,830.89,713024.53,conventional,2021,New York
30/05/2021 0:00,1.33,"1,225,209.44",60801.62,1163463.99,943.84,689947.33,conventional,2021,New York
23/05/2021 0:00,1.3,"1,276,110.35",63405.68,1211614.19,1090.48,700096.55,conventional,2021,New York
13/06/2021 0:00,1.83,"17,967.75",8750.75,9094.01,122.98,88776.37,organic,2021,New York
06/06/2021 0:00,1.85,"18,199.32",9482.69,8642.75,73.88,87970.37,organic,2021,New York
30/05/2021 0:00,1.86,"19,689.42",10343.17,9198.95,147.3,83745.3,organic,2021,New York
23/05/2021 0:00,1.84,"19,001.12",11167.54,7753.43,80.15,82261.22,organic,2021,New York
11/07/2021 0:00,1.34,"1,199,563.00",65583.22,1133256.26,723.53,611732.91,conventional,2021,New York
04/07/2021 0:00,1.28,"1,403,766.55",70537.34,1332642.29,586.92,674383.07,conventional,2021,New York
27/06/2021 0:00,1.36,"1,187,624.28",61721.33,1125148.65,754.31,591025.1,conventional,2021,New York
20/06/2021 0:00,1.29,"1,382,345.35",71941.52,1309704.35,699.48,642788.15,conventional,2021,New York
11/07/2021 0:00,1.7, -   ,0,0,0,75739.78,organic,2021,New York
04/07/2021 0:00,1.64,0,0,0,0,80544.01,organic,2021,New York
27/06/2021 0:00,1.7, -   ,0,0,0,76422.74,organic,2021,New York
20/06/2021 0:00,1.61,0,0,0,0,89561.04,organic,2021,New York
08/08/2021 0:00,1.3,"1,108,040.72",50998.1,1056237.58,805.05,521366.14,conventional,2021,New York
01/08/2021 0:00,1.23,"1,336,140.47",62919.12,1272055.19,1166.17,488672.35,conventional,2021,New York
25/07/2021 0:00,1.3,"1,130,031.28",54936.05,1074648.21,447.02,562742.44,conventional,2021,New York
18/07/2021 0:00,1.26,"1,291,256.40",61859.39,1228569.03,827.97,587130.61,conventional,2021,New York
08/08/2021 0:00,1.92,"9,855.87",4921.77,4934.11,0,63159.6,organic,2021,New York
01/08/2021 0:00,1.89,"9,605.44",4976.04,4626.29,3.12,67951.72,organic,2021,New York
25/07/2021 0:00,1.85,"16,148.45",8997.8,7141.39,9.28,69350.04,organic,2021,New York
18/07/2021 0:00,1.78,"10,435.37",5107.77,5310.76,16.84,72894.11,organic,2021,New York
05/09/2021 0:00,1.21,"945,224.93",64891.32,879706.57,627.04,577385.89,conventional,2021,New York
29/08/2021 0:00,1.18,"1,102,329.36",64671.41,1037217.93,440.02,542799.99,conventional,2021,New York
22/08/2021 0:00,1.27,"1,102,095.76",56822.17,1044850.29,423.3,556530.88,conventional,2021,New York
15/08/2021 0:00,1.2,"1,296,828.71",61331.72,1234716.8,780.19,546588.31,conventional,2021,New York
05/09/2021 0:00,1.78,"18,035.76",8702.94,9323.58,9.23,86848.06,organic,2021,New York
29/08/2021 0:00,1.73,"11,679.29",5443.05,6230.25,5.99,82349.17,organic,2021,New York
22/08/2021 0:00,1.75,"9,013.81",4476.85,4530.96,5.99,83697.55,organic,2021,New York
15/08/2021 0:00,1.75,"9,198.69",4416.42,4782.27,0,79173.71,organic,2021,New York
03/10/2021 0:00,1.41,"910,953.44",214850.83,695767.51,335.09,571116.1,conventional,2021,New York
26/09/2021 0:00,1.29,"1,083,133.64",206190.58,876544.37,398.7,604808.38,conventional,2021,New York
19/09/2021 0:00,1.32,"950,896.38",168796.74,781674.17,425.47,571733.8,conventional,2021,New York
12/09/2021 0:00,1.2,"1,118,314.27",100039.67,1017787.3,487.29,560036.24,conventional,2021,New York
03/10/2021 0:00,1.8,"12,150.47",6311.71,5838.76,0,78940.75,organic,2021,New York
26/09/2021 0:00,1.82,"14,541.46",7860.99,6669.64,10.82,78624.26,organic,2021,New York
19/09/2021 0:00,1.69,"24,663.94",13781.09,10868.18,14.67,89555.93,organic,2021,New York
12/09/2021 0:00,1.77,"12,966.94",6004.44,6942.32,20.17,88161.65,organic,2021,New York
31/10/2021 0:00,1.39,"876,073.01",205214.49,670279.39,579.14,583983.87,conventional,2021,New York
24/10/2021 0:00,1.42,"884,003.10",216107.93,667590.71,304.45,587896.45,conventional,2021,New York
17/10/2021 0:00,1.4,"909,216.14",225091.88,683984.27,140,650464.92,conventional,2021,New York
10/10/2021 0:00,1.3,"1,178,203.52",235071.3,942886.01,246.21,641035.79,conventional,2021,New York
31/10/2021 0:00,1.8,"14,379.89",8664.1,5712.7,3.1,76510.18,organic,2021,New York
24/10/2021 0:00,1.7,"23,775.70",16358.99,7410.53,6.18,74833.97,organic,2021,New York
17/10/2021 0:00,1.81,"13,708.34",7077.98,6628.82,1.55,75343.82,organic,2021,New York
10/10/2021 0:00,1.83,"11,110.32",6216.74,4893.58,0,74632.93,organic,2021,New York
28/11/2021 0:00,1.44,"786,295.23",308345.81,477718.8,230.62,545653.55,conventional,2021,New York
21/11/2021 0:00,1.38,"1,141,126.00",630856.13,509987.07,282.8,559775.7,conventional,2021,New York
14/11/2021 0:00,1.44,"851,563.53",129862.13,721568.43,132.97,573376.39,conventional,2021,New York
07/11/2021 0:00,1.36,"1,093,964.57",98217.64,995309.07,437.86,587106.49,conventional,2021,New York
28/11/2021 0:00,1.81,"12,936.64",7712.01,5102.39,122.26,65583.02,organic,2021,New York
21/11/2021 0:00,1.78,"14,262.25",8904.96,5105.03,252.28,78837.11,organic,2021,New York
14/11/2021 0:00,1.77,"15,631.59",10023.63,5446.89,161.07,79547.63,organic,2021,New York
07/11/2021 0:00,1.8,"13,718.95",8579.35,5102.43,37.19,73837.91,organic,2021,New York
26/12/2021 0:00,1.46,"827,171.90",298155.7,528736.42,279.78,586433.86,conventional,2021,New York
19/12/2021 0:00,1.36,"1,204,978.63",604818.51,599833.62,326.5,640542.5,conventional,2021,New York
12/12/2021 0:00,1.42,"851,177.54",333546.62,517400.23,230.69,659927.6,conventional,2021,New York
05/12/2021 0:00,1.37,"1,114,724.66",574111.64,540311.62,301.4,566538.21,conventional,2021,New York
26/12/2021 0:00,1.77,"8,866.24",6873.02,1976.19,17.04,68723.72,organic,2021,New York
19/12/2021 0:00,1.85,"13,869.24",12075.65,1750.27,43.33,64271,organic,2021,New York
12/12/2021 0:00,1.82,"17,598.98",11658.64,5892.41,47.94,67959.28,organic,2021,New York
05/12/2021 0:00,1.82,"17,755.62",11978.93,5761.24,15.45,73074.3,organic,2021,New York
04/01/2021 0:00,1.06,"3,706,972.59",492276.14,3207514.64,7181.81,1762620.14,conventional,2021,Northeast
04/01/2021 0:00,1.6,"50,574.41",16936.73,33617.68,20,191668.41,organic,2021,Northeast
10/01/2021 0:00,1.13,"3,596,482.44",479831.3,3109362.91,7288.23,1848685.03,conventional,2021,Northeast
10/01/2021 0:00,1.49,"40,229.89",17779.37,22419.04,31.49,330018.34,organic,2021,Northeast
17/01/2021 0:00,1.11,"3,730,597.66",523746.51,3199526.73,7324.42,2079668.19,conventional,2021,Northeast
17/01/2021 0:00,1.61,"60,924.85",33136.97,27767.08,20.8,259662.15,organic,2021,Northeast
24/01/2021 0:00,1.04,"4,269,714.06",542190.39,3721206.39,6317.28,1965897.29,conventional,2021,Northeast
24/01/2021 0:00,1.58,"44,103.58",20615.01,23469.28,19.29,298455.77,organic,2021,Northeast
31/01/2021 0:00,1.05,"3,948,862.15",520042.59,3422303.8,6515.75,2181306.54,conventional,2021,Northeast
31/01/2021 0:00,1.56,"44,078.26",19404.6,24557.89,115.76,297765.38,organic,2021,Northeast
07/02/2021 0:00,1.04,"4,748,007.02",583921.75,4157194.38,6890.89,2012991.66,conventional,2021,Northeast
07/02/2021 0:00,1.52,"43,105.81",18911.57,23452.16,742.07,310005.58,organic,2021,Northeast
14/02/2021 0:00,1.05,"4,068,470.93",560767.87,3500893.86,6809.2,2009675.07,conventional,2021,Northeast
14/02/2021 0:00,1.54,"42,063.60",17292.04,24145.77,625.79,264218.4,organic,2021,Northeast
21/02/2021 0:00,1.11,"3,580,756.69",492955.08,3080244.83,7556.79,1791790.58,conventional,2021,Northeast
21/02/2021 0:00,1.54,"42,530.42",16917.8,24872.83,739.78,276958.36,organic,2021,Northeast
28/02/2021 0:00,1.1,"3,709,744.54",506378.88,3196264.03,7101.63,1935852.96,conventional,2021,Northeast
28/02/2021 0:00,1.57,"42,031.36",16992.98,24277.59,760.79,299187.54,organic,2021,Northeast
07/03/2021 0:00,1.11,"3,886,211.34",500772.42,3378198.23,7240.69,1986895.73,conventional,2021,Northeast
07/03/2021 0:00,1.63,"46,052.13",18905.44,26309.76,836.93,267396.01,organic,2021,Northeast
14/03/2021 0:00,1.13,"3,618,992.55",487771.12,3124355.31,6866.13,1973136.54,conventional,2021,Northeast
14/03/2021 0:00,1.64,"41,337.47",17587.96,22717.8,1031.71,263872.53,organic,2021,Northeast
21/03/2021 0:00,1.1,"3,882,564.94",525983.48,3348696.7,7884.77,1934003.76,conventional,2021,Northeast
21/03/2021 0:00,1.63,"40,941.71",19370.87,20529.9,1040.93,259993.67,organic,2021,Northeast
28/03/2021 0:00,1.19,"3,512,685.95",561339.43,2944548.14,6798.37,2127874.91,conventional,2021,Northeast
28/03/2021 0:00,1.69,"39,052.64",15755.68,22259.06,1037.9,245145.16,organic,2021,Northeast
04/04/2021 0:00,1.23,"3,783,920.45",651599.67,3124756.11,7564.68,1964662.62,conventional,2021,Northeast
04/04/2021 0:00,1.75,"36,298.40",15787.72,19513.58,997.1,243177.82,organic,2021,Northeast
11/04/2021 0:00,1.24,"3,610,493.02",639072.36,2965246.37,6174.29,1750696.85,conventional,2021,Northeast
11/04/2021 0:00,1.74,"40,396.18",16006.41,23338.5,1051.28,237319.58,organic,2021,Northeast
18/04/2021 0:00,1.26,"3,802,033.90",603488.59,3191016.42,7528.89,1821282.77,conventional,2021,Northeast
18/04/2021 0:00,1.74,"41,306.12",17522.03,22967.21,816.88,270206.12,organic,2021,Northeast
25/04/2021 0:00,1.27,"3,620,898.39",573813.26,3039207.6,7877.52,1888171.09,conventional,2021,Northeast
25/04/2021 0:00,1.77,"38,986.26",15010.38,23544.3,431.58,258300.3,organic,2021,Northeast
02/05/2021 0:00,1.23,"4,078,979.59",629010.05,3442035.36,7934.18,1863615.17,conventional,2021,Northeast
02/05/2021 0:00,1.76,"37,372.53",15825.5,21407.73,139.31,265882.13,organic,2021,Northeast
09/05/2021 0:00,1.2,"4,319,614.44",754063.76,3556817.48,8733.21,1766981.68,conventional,2021,Northeast
09/05/2021 0:00,1.79,"35,948.83",14324.19,21395.87,228.78,254190.41,organic,2021,Northeast
16/05/2021 0:00,1.25,"3,484,108.53",573933.56,2901995.49,8179.48,1662056.66,conventional,2021,Northeast
16/05/2021 0:00,1.79,"40,912.62",14721.28,25956.71,234.63,229890.21,organic,2021,Northeast
13/06/2021 0:00,1.28,"3,565,385.69",667430.42,2889346.81,8608.46,1841320.12,conventional,2021,Northeast
06/06/2021 0:00,1.26,"3,661,857.77",676340.2,2979127.81,6389.75,1819976.02,conventional,2021,Northeast
30/05/2021 0:00,1.31,"3,663,927.27",648459.43,3007660.09,7807.74,1836176.25,conventional,2021,Northeast
23/05/2021 0:00,1.25,"3,741,888.92",655463.38,3077974.36,8451.18,1873670.7,conventional,2021,Northeast
13/06/2021 0:00,1.81,"39,772.76",15158.1,24468.49,146.16,234232.51,organic,2021,Northeast
06/06/2021 0:00,1.81,"39,099.36",15796.79,23192.33,110.24,236993.63,organic,2021,Northeast
30/05/2021 0:00,1.79,"43,555.05",17003.52,26394.58,156.95,241228.37,organic,2021,Northeast
23/05/2021 0:00,1.77,"40,780.15",18551.88,22098.12,130.15,246032.12,organic,2021,Northeast
11/07/2021 0:00,1.28,"3,534,533.33",703045.94,2824571.15,6916.24,1624514.07,conventional,2021,Northeast
04/07/2021 0:00,1.29,"3,943,559.88",742518.15,3193865.24,7176.48,1711198.99,conventional,2021,Northeast
27/06/2021 0:00,1.29,"3,719,928.59",760325.42,2953446,6157.17,1512924.86,conventional,2021,Northeast
20/06/2021 0:00,1.3,"3,845,954.05",713924.37,3124666.86,7362.82,1638205.51,conventional,2021,Northeast
11/07/2021 0:00,1.85, -   ,0,0,0,180596.87,organic,2021,Northeast
04/07/2021 0:00,1.77, -   ,0,0,0,197916.49,organic,2021,Northeast
27/06/2021 0:00,1.77,-0.01,0,0,0,182300.73,organic,2021,Northeast
20/06/2021 0:00,1.72,0,0,0,0,212783.73,organic,2021,Northeast
08/08/2021 0:00,1.23,"3,493,502.56",614190.05,2871856.02,7456.48,1452393.12,conventional,2021,Northeast
01/08/2021 0:00,1.21,"3,524,136.97",642725.08,2874219.47,7192.42,1552994.19,conventional,2021,Northeast
25/07/2021 0:00,1.26,"3,311,772.89",658957.4,2648236.55,4578.94,1583085.99,conventional,2021,Northeast
18/07/2021 0:00,1.25,"3,538,347.38",664351.25,2867282.62,6713.52,1664879.98,conventional,2021,Northeast
08/08/2021 0:00,1.88,"29,733.86",10916.21,18816.47,1.18,199015.58,organic,2021,Northeast
01/08/2021 0:00,1.92,"29,780.84",11659.3,18105.27,16.27,200771.43,organic,2021,Northeast
25/07/2021 0:00,1.88,"39,845.27",15582.02,24249.14,14.12,197895.83,organic,2021,Northeast
18/07/2021 0:00,1.87,"31,346.89",11028.22,20289.06,29.62,202937.45,organic,2021,Northeast
05/09/2021 0:00,1.17,"2,898,435.01",521503.09,2371334.83,5597.09,1635602.34,conventional,2021,Northeast
29/08/2021 0:00,1.14,"3,291,725.72",527685.91,2758422.95,5616.86,1501832.68,conventional,2021,Northeast
22/08/2021 0:00,1.22,"3,264,277.05",497726.01,2760473.58,6077.46,1624900.61,conventional,2021,Northeast
15/08/2021 0:00,1.21,"3,367,652.26",506255.98,2852282.11,9114.17,1599317.05,conventional,2021,Northeast
05/09/2021 0:00,1.81,"39,282.13",16202.84,23059.11,20.18,233463.77,organic,2021,Northeast
29/08/2021 0:00,1.78,"34,190.27",13351.98,20822.57,15.71,228364.09,organic,2021,Northeast
22/08/2021 0:00,1.77,"29,269.03",11626.29,17630.3,12.45,235002.03,organic,2021,Northeast
15/08/2021 0:00,1.79,"28,430.19",9864.22,18545.22,20.75,218422,organic,2021,Northeast
03/10/2021 0:00,1.34,"2,830,561.89",890830.91,1935746.34,3984.64,1430599.01,conventional,2021,Northeast
26/09/2021 0:00,1.29,"2,908,520.65",836514.23,2067416.96,4589.46,1469037.48,conventional,2021,Northeast
19/09/2021 0:00,1.3,"2,670,002.20",715906.89,1949428.66,4666.65,1408884.92,conventional,2021,Northeast
12/09/2021 0:00,1.2,"2,948,004.29",574930.79,2367784.45,5289.04,1480078.25,conventional,2021,Northeast
03/10/2021 0:00,1.82,"31,802.79",12281.94,19517.65,3.21,193834,organic,2021,Northeast
26/09/2021 0:00,1.79,"35,536.67",15627.8,19895.77,13.09,195931.33,organic,2021,Northeast
19/09/2021 0:00,1.75,"51,238.88",23739.16,27479.77,19.94,229548.7,organic,2021,Northeast
12/09/2021 0:00,1.79,"34,711.39",12611.16,22076.95,23.27,228166.67,organic,2021,Northeast
31/10/2021 0:00,1.34,"2,763,400.76",965175.87,1794404.66,3820.23,1462863.36,conventional,2021,Northeast
24/10/2021 0:00,1.37,"2,663,090.91",916503.52,1743759.06,2828.32,1501456.1,conventional,2021,Northeast
17/10/2021 0:00,1.36,"2,755,312.09",919279.29,1834993.26,1039.54,1593879.38,conventional,2021,Northeast
10/10/2021 0:00,1.3,"3,060,984.02",888723.25,2170570.17,1690.6,1646482.8,conventional,2021,Northeast
31/10/2021 0:00,1.76,"33,914.38",15765.93,18143.07,5.38,203720.55,organic,2021,Northeast
24/10/2021 0:00,1.76,"47,206.45",26053.57,21143.25,9.63,203119.67,organic,2021,Northeast
17/10/2021 0:00,1.81,"34,396.10",12935.7,21454.6,5.81,198122.71,organic,2021,Northeast
10/10/2021 0:00,1.83,"30,630.22",13592.99,17029.38,7.86,193979.64,organic,2021,Northeast
28/11/2021 0:00,1.36,"2,287,312.33",887230.21,1399170.63,911.49,1326133.51,conventional,2021,Northeast
21/11/2021 0:00,1.33,"2,904,265.71",1362100.41,1540907.17,1258.13,1488505.03,conventional,2021,Northeast
14/11/2021 0:00,1.34,"2,643,484.11",769122.8,1873080.13,1281.18,1673934.34,conventional,2021,Northeast
07/11/2021 0:00,1.3,"3,113,067.76",784314.27,2326890.92,1862.56,1481598.55,conventional,2021,Northeast
28/11/2021 0:00,1.81,"28,072.22",12918.8,15018.04,135.38,176213.89,organic,2021,Northeast
21/11/2021 0:00,1.8,"30,723.80",14691.03,15771.66,261.11,197762.28,organic,2021,Northeast
14/11/2021 0:00,1.79,"34,006.38",16037.7,17793.96,174.72,205653.91,organic,2021,Northeast
07/11/2021 0:00,1.79,"31,205.33",14020.1,17143.16,42.07,200454.45,organic,2021,Northeast
26/12/2021 0:00,1.37,"2,585,552.02",997024.99,1587343.56,1183.48,1472279.1,conventional,2021,Northeast
19/12/2021 0:00,1.32,"3,087,299.28",1356665.29,1729608.03,1025.97,1589987.79,conventional,2021,Northeast
12/12/2021 0:00,1.35,"2,624,562.69",1016690.68,1606905.05,966.97,1610528.19,conventional,2021,Northeast
05/12/2021 0:00,1.28,"3,234,782.88",1454002.29,1779608.56,1172.02,1441592.68,conventional,2021,Northeast
26/12/2021 0:00,1.8,"26,121.67",12872.68,13229.45,19.55,183005.92,organic,2021,Northeast
19/12/2021 0:00,1.82,"31,863.34",20326.78,11487.56,49.01,180299.71,organic,2021,Northeast
12/12/2021 0:00,1.8,"35,724.07",18234.8,17432.79,56.49,189026.58,organic,2021,Northeast
05/12/2021 0:00,1.79,"36,872.04",19303.84,17546.43,21.77,189292.84,organic,2021,Northeast
04/01/2021 0:00,0.94,"529,632.92",14443.16,515104.23,85.52,65566.54,conventional,2021,Northern New England
04/01/2021 0:00,1.8,590.23,48.38,541.84,0,12526.54,organic,2021,Northern New England
10/01/2021 0:00,1.13,"376,319.49",13147.45,363105.2,66.84,98526.87,conventional,2021,Northern New England
10/01/2021 0:00,1.79,813.05,112.91,700.14,0,15599.05,organic,2021,Northern New England
17/01/2021 0:00,1.13,"386,185.99",15763.13,370337.91,84.95,112486.29,conventional,2021,Northern New England
17/01/2021 0:00,1.82,682.16,82.85,599.3,0,14863.61,organic,2021,Northern New England
24/01/2021 0:00,0.91,"548,179.18",16272.18,531793.7,113.3,82576.12,conventional,2021,Northern New England
24/01/2021 0:00,1.72,616.69,51.46,565.23,0,15812.72,organic,2021,Northern New England
31/01/2021 0:00,0.92,"394,130.51",13943.04,380073.7,113.77,82315.11,conventional,2021,Northern New England
31/01/2021 0:00,1.46,751.98,105.82,646.16,0,32218.17,organic,2021,Northern New England
07/02/2021 0:00,0.88,"585,167.16",15970.1,569085.96,111.1,76273.97,conventional,2021,Northern New England
07/02/2021 0:00,1.55,685.42,61.24,624.18,0,16841.59,organic,2021,Northern New England
14/02/2021 0:00,0.99,"407,602.37",13703.16,393801.87,97.34,76545.86,conventional,2021,Northern New England
14/02/2021 0:00,1.64,630.17,66.79,563.37,0,16304.51,organic,2021,Northern New England
21/02/2021 0:00,1.07,"361,518.14",13044.24,348373.72,100.19,84275.71,conventional,2021,Northern New England
21/02/2021 0:00,1.69,588.23,43.2,545.03,0,14284.88,organic,2021,Northern New England
28/02/2021 0:00,1.11,"357,524.09",12461.42,344956.17,106.49,85950.55,conventional,2021,Northern New England
28/02/2021 0:00,1.81,732.69,26.38,706.31,0,14963.97,organic,2021,Northern New England
07/03/2021 0:00,1.07,"382,016.72",16095.37,365736,185.36,108027.21,conventional,2021,Northern New England
07/03/2021 0:00,1.83,648.95,70.66,578.29,0,16350.62,organic,2021,Northern New England
14/03/2021 0:00,1.05,"372,249.33",13955.02,358218.09,76.23,102683.66,conventional,2021,Northern New England
14/03/2021 0:00,1.77,732.51,120.37,612.13,0,16248.89,organic,2021,Northern New England
21/03/2021 0:00,0.97,"480,072.87",11747.51,468189.99,135.37,94049.81,conventional,2021,Northern New England
21/03/2021 0:00,1.79,693.51,100.51,592.99,0,16717.01,organic,2021,Northern New England
28/03/2021 0:00,1.1,"356,678.10",37794.42,318696,187.69,90902.48,conventional,2021,Northern New England
28/03/2021 0:00,1.84,664.11,57.77,606.34,0,15359.98,organic,2021,Northern New England
04/04/2021 0:00,1.15,"408,291.74",63890.32,344315.67,85.74,105650.9,conventional,2021,Northern New England
04/04/2021 0:00,1.93,633.34,96.16,537.18,0,15378.59,organic,2021,Northern New England
11/04/2021 0:00,1.1,"459,450.20",86905.68,372409.61,134.91,77327.89,conventional,2021,Northern New England
11/04/2021 0:00,1.93,553.54,51.03,502.51,0,13549.93,organic,2021,Northern New England
18/04/2021 0:00,1.15,"412,418.58",82579.87,329645.59,193.11,86337.92,conventional,2021,Northern New England
18/04/2021 0:00,1.91,737.36,59.03,666.17,12.16,16399.18,organic,2021,Northern New England
25/04/2021 0:00,1.11,"398,130.11",83929.43,314151.27,49.42,103923.89,conventional,2021,Northern New England
25/04/2021 0:00,2,703.46,53.76,644.3,5.4,14548.18,organic,2021,Northern New England
02/05/2021 0:00,1.15,"398,556.88",88646.85,309792.04,117.99,87149.18,conventional,2021,Northern New England
02/05/2021 0:00,2.05,758.3,31.86,726.43,0,15152.02,organic,2021,Northern New England
09/05/2021 0:00,0.98,"544,956.94",133429.36,411365.57,162.01,77292.7,conventional,2021,Northern New England
09/05/2021 0:00,2.08,632.04,47.39,584.65,0,14588.48,organic,2021,Northern New England
16/05/2021 0:00,1.14,"374,064.31",95356.25,278584.41,123.65,83945.79,conventional,2021,Northern New England
16/05/2021 0:00,2.07,523.55,74.22,449.33,0,14111.59,organic,2021,Northern New England
13/06/2021 0:00,1.21,"389,145.01",123344.02,265690.48,110.51,97727.67,conventional,2021,Northern New England
06/06/2021 0:00,1.05,"489,844.96",147492.77,342253.01,99.18,88430.62,conventional,2021,Northern New England
30/05/2021 0:00,1.25,"410,604.13",115927.1,294594.93,82.1,88262.7,conventional,2021,Northern New England
23/05/2021 0:00,1.13,"396,909.23",103126.14,293713.43,69.66,103924.21,conventional,2021,Northern New England
13/06/2021 0:00,2.09,506.25,79.68,426.57,0,14543.83,organic,2021,Northern New England
06/06/2021 0:00,2.1,598.78,72.33,526.46,0,13736.93,organic,2021,Northern New England
30/05/2021 0:00,2.08,609.44,89.17,520.28,0,15863.15,organic,2021,Northern New England
23/05/2021 0:00,2.03,507.85,112.42,395.43,0,14688.45,organic,2021,Northern New England
11/07/2021 0:00,1.21,"388,585.46",144097.13,244475.45,12.88,100053.51,conventional,2021,Northern New England
04/07/2021 0:00,1.25,"438,971.03",152577.95,286365.67,27.41,88106.69,conventional,2021,Northern New England
27/06/2021 0:00,1.11,"504,466.52",182125.81,322306.46,34.24,77676.22,conventional,2021,Northern New England
20/06/2021 0:00,1.26,"405,139.30",133148.73,271953.02,37.56,84409.56,conventional,2021,Northern New England
11/07/2021 0:00,2.29, -   ,0,0,0,11997.36,organic,2021,Northern New England
04/07/2021 0:00,2.22, -   ,0,0,0,14298.99,organic,2021,Northern New England
27/06/2021 0:00,2.26, -   ,0,0,0,10950.64,organic,2021,Northern New England
20/06/2021 0:00,2.03, -   ,0,0,0,14202.54,organic,2021,Northern New England
08/08/2021 0:00,0.99,"495,303.06",102653.79,392645.49,3.78,89926.76,conventional,2021,Northern New England
01/08/2021 0:00,1.17,"314,831.07",91312.12,223508.56,10.39,116107.57,conventional,2021,Northern New England
25/07/2021 0:00,1.17,"364,577.46",140356.35,224207.65,13.46,113927.36,conventional,2021,Northern New England
18/07/2021 0:00,1.17,"385,357.57",147460.63,237887.23,9.71,125205.33,conventional,2021,Northern New England
08/08/2021 0:00,2.08,528.5,77.59,450.92,0,17578.91,organic,2021,Northern New England
01/08/2021 0:00,2.17,970.35,188.16,779.51,2.69,17853.97,organic,2021,Northern New England
25/07/2021 0:00,2.11,861.53,146.73,714.8,0,15882.89,organic,2021,Northern New England
18/07/2021 0:00,2.16,670.98,104.75,566.22,0,15181.83,organic,2021,Northern New England
05/09/2021 0:00,1.17,"288,045.38",44158.08,243874.37,12.92,95852.2,conventional,2021,Northern New England
29/08/2021 0:00,0.94,"476,509.28",66834.99,409663.96,10.33,86682.62,conventional,2021,Northern New England
22/08/2021 0:00,1.21,"328,305.97",49826.49,278468.99,10.49,94671.34,conventional,2021,Northern New England
15/08/2021 0:00,1.21,"320,895.10",62539.52,258348.97,6.61,98176.02,conventional,2021,Northern New England
05/09/2021 0:00,2.11,581.4,95.11,486.28,0,15934.17,organic,2021,Northern New England
29/08/2021 0:00,2.1,435.91,53.65,382.26,0,13858.14,organic,2021,Northern New England
22/08/2021 0:00,1.97,589.07,114.06,475.01,0,17539.23,organic,2021,Northern New England
15/08/2021 0:00,2.18,706.79,134.94,571.86,0,14395.19,organic,2021,Northern New England
03/10/2021 0:00,1.3,"291,358.47",94094.89,197249.16,14.42,74334.27,conventional,2021,Northern New England
26/09/2021 0:00,1.28,"270,905.96",79948.5,190942.41,15.06,70080.15,conventional,2021,Northern New England
19/09/2021 0:00,1.25,"286,445.12",78960.41,207457.2,27.52,67868.8,conventional,2021,Northern New England
12/09/2021 0:00,1.23,"288,225.23",49811.61,238391.71,21.91,77065.86,conventional,2021,Northern New England
03/10/2021 0:00,2.11,528.71,92.59,436.12,0,9965.81,organic,2021,Northern New England
26/09/2021 0:00,2.19,594.23,136.94,457.3,0,11684.76,organic,2021,Northern New England
19/09/2021 0:00,2.17,560.98,102.45,458.54,0,13190.85,organic,2021,Northern New England
12/09/2021 0:00,2.17,459.95,53.77,406.18,0,12813.79,organic,2021,Northern New England
31/10/2021 0:00,1.3,"299,322.83",116204.57,183093.96,24.29,69628.98,conventional,2021,Northern New England
24/10/2021 0:00,1.31,"288,069.56",113932.2,174130.75,6.62,80653.2,conventional,2021,Northern New England
17/10/2021 0:00,1.31,"301,399.20",107862.42,193500.65,36.14,75959.88,conventional,2021,Northern New England
10/10/2021 0:00,1.32,"293,969.97",99798.99,194158.19,12.78,70164.8,conventional,2021,Northern New England
31/10/2021 0:00,1.9,443.49,87.52,355.98,0,13174.55,organic,2021,Northern New England
24/10/2021 0:00,2.13,546.2,103.17,443.03,0,11045.18,organic,2021,Northern New England
17/10/2021 0:00,2.13,596.05,94.19,501.87,0,11342.94,organic,2021,Northern New England
10/10/2021 0:00,2.15,558.81,73.88,484.93,0,9983.68,organic,2021,Northern New England
28/11/2021 0:00,1.35,"233,223.89",99036.05,134178.09,9.76,64790.51,conventional,2021,Northern New England
21/11/2021 0:00,1.26,"281,980.85",117994.67,163969.13,17.05,85750.81,conventional,2021,Northern New England
14/11/2021 0:00,1.21,"294,941.88",122548.14,172368.04,25.71,121835.02,conventional,2021,Northern New England
07/11/2021 0:00,1.02,"423,367.22",175686.23,247664.92,16.06,68235.86,conventional,2021,Northern New England
28/11/2021 0:00,2.09,544.28,148.3,395.99,0,8966.35,organic,2021,Northern New England
21/11/2021 0:00,2.06,621.24,193.38,427.86,0,10090.46,organic,2021,Northern New England
14/11/2021 0:00,2.05,548.88,142.01,406.87,0,11730.2,organic,2021,Northern New England
07/11/2021 0:00,2.1,482.93,84.76,398.16,0,10005.71,organic,2021,Northern New England
26/12/2021 0:00,1.31,"267,295.19",120160.58,147106.91,27.69,76904.7,conventional,2021,Northern New England
19/12/2021 0:00,1.27,"297,508.79",132759.09,164731.87,17.83,82308.4,conventional,2021,Northern New England
12/12/2021 0:00,1.28,"302,981.99",137441.11,165524.53,16.35,72615.28,conventional,2021,Northern New England
05/12/2021 0:00,1.02,"456,531.38",202218.07,254296.54,16.77,64178.99,conventional,2021,Northern New England
26/12/2021 0:00,2.08,929.52,146.74,782.78,0,10737.73,organic,2021,Northern New England
19/12/2021 0:00,1.97,531.26,106.42,424.84,0,12329.96,organic,2021,Northern New England
12/12/2021 0:00,2,558.94,157.43,401.51,0,10595.89,organic,2021,Northern New England
05/12/2021 0:00,1.91,566.81,181.61,385.19,0,9887.29,organic,2021,Northern New England
04/01/2021 0:00,0.74,"269,704.14",249065.14,20526,113.01,200435.5,conventional,2021,Orlando
04/01/2021 0:00,1.03,153.41,153.41,0,0,27146.26,organic,2021,Orlando
10/01/2021 0:00,0.79,"277,222.25",262206.55,14885.26,130.44,220794.24,conventional,2021,Orlando
10/01/2021 0:00,1.03,77.93,77.93,0,0,29665.75,organic,2021,Orlando
17/01/2021 0:00,0.8,"255,539.18",239496.26,15964.35,78.57,247868.82,conventional,2021,Orlando
17/01/2021 0:00,1.03,111.89,111.88,0,0,29322.45,organic,2021,Orlando
24/01/2021 0:00,0.82,"301,905.29",285685.16,16199.98,20.15,218830.38,conventional,2021,Orlando
24/01/2021 0:00,1.05,115.01,115.01,0,0,26906.46,organic,2021,Orlando
31/01/2021 0:00,0.85,"321,120.83",304164.22,16898.8,57.81,222177.49,conventional,2021,Orlando
31/01/2021 0:00,1.08,97.43,97.43,0,0,26070.48,organic,2021,Orlando
07/02/2021 0:00,0.81,"363,267.37",339370.26,23871.78,25.34,246888.76,conventional,2021,Orlando
07/02/2021 0:00,1.03,96.76,96.75,0,0,27143.91,organic,2021,Orlando
14/02/2021 0:00,0.84,"288,521.40",274226.98,14216.16,78.26,216057.8,conventional,2021,Orlando
14/02/2021 0:00,1.11,83.69,83.69,0,0,27035.47,organic,2021,Orlando
21/02/2021 0:00,0.85,"315,027.32",298452.84,16503.13,71.34,217674.71,conventional,2021,Orlando
21/02/2021 0:00,1.11,75.21,75.21,0,0,26358.9,organic,2021,Orlando
28/02/2021 0:00,0.94,"261,757.24",246909.26,14788.29,59.69,220206.61,conventional,2021,Orlando
28/02/2021 0:00,1.16,57.85,55.65,2.2,0,25250.73,organic,2021,Orlando
07/03/2021 0:00,0.95,"263,195.20",249416.16,13757,22.04,233642.12,conventional,2021,Orlando
07/03/2021 0:00,1.19,104.34,104.34,0,0,28587.93,organic,2021,Orlando
14/03/2021 0:00,0.94,"256,896.89",243956.36,12909.36,31.16,224474.33,conventional,2021,Orlando
14/03/2021 0:00,1.16,72.79,72.79,0,0,27272.5,organic,2021,Orlando
21/03/2021 0:00,0.95,"254,757.50",242402.38,12335.28,19.85,221425.9,conventional,2021,Orlando
21/03/2021 0:00,1.3,82.53,82.53,0,0,28097.1,organic,2021,Orlando
28/03/2021 0:00,1.01,"250,550.16",236222.37,14314.11,13.69,231046.82,conventional,2021,Orlando
28/03/2021 0:00,1.3,56.77,56.77,0,0,28825.53,organic,2021,Orlando
04/04/2021 0:00,1.02,"246,199.69",232635.37,13542.58,21.73,228182.84,conventional,2021,Orlando
04/04/2021 0:00,1.33,35.84,35.84,0,0,26973.92,organic,2021,Orlando
11/04/2021 0:00,1.03,"268,458.95",253975.8,14471.81,11.34,218624,conventional,2021,Orlando
11/04/2021 0:00,1.35,89.19,89.19,0,0,31669.14,organic,2021,Orlando
18/04/2021 0:00,1.19,"245,165.75",231297.23,13851.51,17.01,224009.19,conventional,2021,Orlando
18/04/2021 0:00,1.33,63.86,63.86,0,0,30345.82,organic,2021,Orlando
25/04/2021 0:00,1.19,"267,604.57",252990.97,14604.79,8.81,228715.42,conventional,2021,Orlando
25/04/2021 0:00,1.28,56.19,56.18,0,0,33807.4,organic,2021,Orlando
02/05/2021 0:00,1.09,"320,508.57",302747.61,17728.12,32.85,221011.94,conventional,2021,Orlando
02/05/2021 0:00,1.27,57.25,57.24,0,0,30526.32,organic,2021,Orlando
09/05/2021 0:00,1.2,"242,343.27",231009.56,11323.82,9.9,220798.88,conventional,2021,Orlando
09/05/2021 0:00,1.32,52.98,52.99,0,0,33730.49,organic,2021,Orlando
16/05/2021 0:00,1.18,"233,197.71",220152.96,13006.51,38.24,223737.73,conventional,2021,Orlando
16/05/2021 0:00,1.37,65.03,65.03,0,0,29829.18,organic,2021,Orlando
13/06/2021 0:00,1.18,"222,068.71",210145.11,11898.47,25.13,239872.84,conventional,2021,Orlando
06/06/2021 0:00,1.15,"216,074.97",204795.79,11168.2,110.98,257723.26,conventional,2021,Orlando
30/05/2021 0:00,1.2,"239,080.11",226913.14,12148.07,18.9,229434.55,conventional,2021,Orlando
23/05/2021 0:00,1.18,"234,721.56",222320.68,12394.77,6.11,232088.54,conventional,2021,Orlando
13/06/2021 0:00,1.38,163.56,163.55,0,0,31955.59,organic,2021,Orlando
06/06/2021 0:00,1.33,104.37,104.37,0,0,31627.94,organic,2021,Orlando
30/05/2021 0:00,1.32,103.78,101.6,2.18,0,35284,organic,2021,Orlando
23/05/2021 0:00,1.19,86.72,86.71,0,0,44131.45,organic,2021,Orlando
11/07/2021 0:00,0.96,"230,765.32",219905.63,10826.33,33.36,248437.27,conventional,2021,Orlando
04/07/2021 0:00,0.98,"226,431.15",214486.37,11856.89,87.89,249949.1,conventional,2021,Orlando
27/06/2021 0:00,1.04,"224,635.84",213029.97,11549.04,56.84,230595.86,conventional,2021,Orlando
20/06/2021 0:00,1.19,"219,228.53",207755.22,11444.2,29.11,225436.17,conventional,2021,Orlando
11/07/2021 0:00,1.4,0,0,0,0,16993.94,organic,2021,Orlando
04/07/2021 0:00,1.48,0,0,0,0,30192.92,organic,2021,Orlando
27/06/2021 0:00,1.44,0.01,0,0,0,27850.45,organic,2021,Orlando
20/06/2021 0:00,1.27,0,0,0,0,39431.85,organic,2021,Orlando
08/08/2021 0:00,1.11,"215,760.21",200341.56,15401.5,17.15,203848.84,conventional,2021,Orlando
01/08/2021 0:00,1.09,"203,760.67",183789.73,19915.97,54.96,219674.48,conventional,2021,Orlando
25/07/2021 0:00,0.94,"246,088.63",224956.34,21073.7,58.59,233229.39,conventional,2021,Orlando
18/07/2021 0:00,0.93,"247,613.65",233159.71,14411.15,42.79,264314.86,conventional,2021,Orlando
08/08/2021 0:00,1.48,117.74,117.73,0,0,23527.96,organic,2021,Orlando
01/08/2021 0:00,1.49,120.81,120.81,0,0,20819.68,organic,2021,Orlando
25/07/2021 0:00,1.47,112.82,112.81,0,0,25599.04,organic,2021,Orlando
18/07/2021 0:00,1.46,204.59,202.41,2.18,0,24189.58,organic,2021,Orlando
05/09/2021 0:00,1.13,"197,455.49",186797.8,10646.06,11.62,221554,conventional,2021,Orlando
29/08/2021 0:00,1.1,"195,789.06",184891.4,10884.13,13.53,219139.87,conventional,2021,Orlando
22/08/2021 0:00,1.06,"213,824.61",201236.37,12568.9,19.35,231057.8,conventional,2021,Orlando
15/08/2021 0:00,1.09,"207,325.12",193682,13634.62,8.51,235927.3,conventional,2021,Orlando
05/09/2021 0:00,1.38,171.76,171.76,0,0,35036.67,organic,2021,Orlando
29/08/2021 0:00,1.38,218.48,218.48,0,0,31912.59,organic,2021,Orlando
22/08/2021 0:00,1.59,160.21,160.21,0,0,26065.35,organic,2021,Orlando
15/08/2021 0:00,1.53,142.36,142.37,0,0,26139.74,organic,2021,Orlando
03/10/2021 0:00,1.16,"206,642.26",194538.82,11716.05,387.38,140028.97,conventional,2021,Orlando
26/09/2021 0:00,1.24,"169,443.78",153472.99,15914.88,55.9,181813.04,conventional,2021,Orlando
19/09/2021 0:00,1.17,"177,703.71",161910.29,15715.92,77.49,221522.28,conventional,2021,Orlando
12/09/2021 0:00,1.17,"178,490.11",166928.21,11541.75,20.15,208295.83,conventional,2021,Orlando
03/10/2021 0:00,0.99,192.35,192.35,0,0,56037.9,organic,2021,Orlando
26/09/2021 0:00,1.17,196.39,192.02,4.37,0,25171.19,organic,2021,Orlando
19/09/2021 0:00,1.81,165.52,165.53,0,0,19284.3,organic,2021,Orlando
12/09/2021 0:00,1.25,164.01,164,0,0,25816.47,organic,2021,Orlando
31/10/2021 0:00,1.13,"196,489.50",188303.77,8168.73,17.01,132010.34,conventional,2021,Orlando
24/10/2021 0:00,1.14,"195,168.35",186508.13,8309.22,351,138073.02,conventional,2021,Orlando
17/10/2021 0:00,1.14,"207,822.40",197976.68,9249,596.72,136007.09,conventional,2021,Orlando
10/10/2021 0:00,1.17,"238,988.33",229615.87,8817.75,554.72,124627.8,conventional,2021,Orlando
31/10/2021 0:00,0.89,155.3,155.3,0,0,70266.56,organic,2021,Orlando
24/10/2021 0:00,0.92,72.85,72.85,0,0,67646.66,organic,2021,Orlando
17/10/2021 0:00,0.96,115.84,115.84,0,0,54351.75,organic,2021,Orlando
10/10/2021 0:00,0.87,155.79,155.79,0,0,62571.36,organic,2021,Orlando
28/11/2021 0:00,1.07,"210,025.21",201497.11,8474.02,54.09,111508.5,conventional,2021,Orlando
21/11/2021 0:00,1.14,"182,270.63",174396.69,7855.8,18.14,125447.12,conventional,2021,Orlando
14/11/2021 0:00,1.14,"191,221.35",183321.74,7878.75,20.86,132443.18,conventional,2021,Orlando
07/11/2021 0:00,1.13,"197,658.75",190084,7563.13,11.62,123604.67,conventional,2021,Orlando
28/11/2021 0:00,0.88,306.63,298.98,7.64,0,53815.52,organic,2021,Orlando
21/11/2021 0:00,0.9,115.26,115.25,0,0,60929.84,organic,2021,Orlando
14/11/2021 0:00,0.81,74.39,74.38,0,0,64996.71,organic,2021,Orlando
07/11/2021 0:00,0.83,68.29,68.28,0,0,62201.86,organic,2021,Orlando
26/12/2021 0:00,1.05,"221,082.55",212109.14,8956.39,17.01,114013.47,conventional,2021,Orlando
19/12/2021 0:00,1.16,"182,495.59",173872.86,8571.42,51.31,123966.68,conventional,2021,Orlando
12/12/2021 0:00,1.14,"200,566.18",190944.23,9596.21,25.75,126403.48,conventional,2021,Orlando
05/12/2021 0:00,1.14,"185,833.21",177182.29,8584.12,66.79,121317.83,conventional,2021,Orlando
26/12/2021 0:00,0.92,87.9,87.9,0,0,63374.97,organic,2021,Orlando
19/12/2021 0:00,0.9,70.15,70.16,0,0,73192.86,organic,2021,Orlando
12/12/2021 0:00,0.9,61.6,61.59,0,0,71033.1,organic,2021,Orlando
05/12/2021 0:00,0.9,172.88,172.89,0,0,69916.55,organic,2021,Orlando
04/01/2021 0:00,0.75,"75,116.01",37699.85,36896.36,519.8,33953.89,conventional,2021,Peoria/Springfield
04/01/2021 0:00,1.55,488.98,24.93,464.05,0,1962.48,organic,2021,Peoria/Springfield
10/01/2021 0:00,0.85,"66,622.50",37439.46,28794.9,388.15,39047.39,conventional,2021,Peoria/Springfield
10/01/2021 0:00,1.52,588.09,17.41,570.68,0,2572.39,organic,2021,Peoria/Springfield
17/01/2021 0:00,0.83,"77,637.01",35007.34,42157.3,472.37,40874.78,conventional,2021,Peoria/Springfield
17/01/2021 0:00,1.53,530.24,8.51,521.74,0,2365.86,organic,2021,Peoria/Springfield
24/01/2021 0:00,0.84,"76,855.39",37328.47,39304.36,222.56,38005.8,conventional,2021,Peoria/Springfield
24/01/2021 0:00,1.57,436.37,64.86,371.51,0,2256.94,organic,2021,Peoria/Springfield
31/01/2021 0:00,0.92,"62,293.41",38233.13,23802.78,257.49,37550.1,conventional,2021,Peoria/Springfield
31/01/2021 0:00,1.57,362.43,6.78,355.66,0,2378.03,organic,2021,Peoria/Springfield
07/02/2021 0:00,0.73,"97,936.99",55896.08,41549.1,491.81,39798.28,conventional,2021,Peoria/Springfield
07/02/2021 0:00,1.41,468.44,13.23,455.21,0,2944.6,organic,2021,Peoria/Springfield
14/02/2021 0:00,0.8,"66,399.81",39393,26887.6,119.2,36333.36,conventional,2021,Peoria/Springfield
14/02/2021 0:00,1.41,343.59,39.83,303.75,0,2567.15,organic,2021,Peoria/Springfield
21/02/2021 0:00,0.85,"60,144.20",35036.17,24932.35,175.68,34803.15,conventional,2021,Peoria/Springfield
21/02/2021 0:00,1.35,436.2,3.78,432.41,0,2903.64,organic,2021,Peoria/Springfield
28/02/2021 0:00,0.78,"72,703.90",35283.24,37163.91,256.76,37525.9,conventional,2021,Peoria/Springfield
28/02/2021 0:00,1.51,391.76,19.49,372.27,0,2312.01,organic,2021,Peoria/Springfield
07/03/2021 0:00,0.86,"61,959.92",33737.12,28064.52,158.27,43911.67,conventional,2021,Peoria/Springfield
07/03/2021 0:00,1.36,405.9,1.94,403.95,0,2915.87,organic,2021,Peoria/Springfield
14/03/2021 0:00,0.91,"58,527.08",33689.27,24696.07,141.75,40168.71,conventional,2021,Peoria/Springfield
14/03/2021 0:00,1.34,413.66,15.33,398.32,0,2628.59,organic,2021,Peoria/Springfield
21/03/2021 0:00,0.92,"59,049.00",33890.7,25070.37,87.93,37662.39,conventional,2021,Peoria/Springfield
21/03/2021 0:00,1.49,392.95,5.84,387.11,0,2285.95,organic,2021,Peoria/Springfield
28/03/2021 0:00,1.03,"56,791.12",31799.94,24880.98,110.21,37937.31,conventional,2021,Peoria/Springfield
28/03/2021 0:00,1.39,378.02,0,378.01,0,2920.48,organic,2021,Peoria/Springfield
04/04/2021 0:00,1.12,"57,517.68",31191.54,26249.14,76.99,41627.12,conventional,2021,Peoria/Springfield
04/04/2021 0:00,1.76,448.09,0,448.08,0,2542.68,organic,2021,Peoria/Springfield
11/04/2021 0:00,1.1,"54,721.71",33970.02,20670.4,81.29,39752.72,conventional,2021,Peoria/Springfield
11/04/2021 0:00,1.72,456.87,9.68,447.19,0,2712.62,organic,2021,Peoria/Springfield
18/04/2021 0:00,1.08,"60,767.10",41415,19275.07,77.04,39923,conventional,2021,Peoria/Springfield
18/04/2021 0:00,1.64,376.56,6.75,369.8,0,2837.4,organic,2021,Peoria/Springfield
25/04/2021 0:00,1.07,"57,987.89",39698.65,18180.67,108.58,42888.47,conventional,2021,Peoria/Springfield
25/04/2021 0:00,1.73,466.35,9.68,456.68,0,2763.91,organic,2021,Peoria/Springfield
02/05/2021 0:00,1.01,"69,363.10",44787.1,24456.38,119.62,38049.74,conventional,2021,Peoria/Springfield
02/05/2021 0:00,1.61,384.52,30,354.51,0,2592.02,organic,2021,Peoria/Springfield
09/05/2021 0:00,0.97,"68,991.50",52076.05,16815.39,100.06,40129.3,conventional,2021,Peoria/Springfield
09/05/2021 0:00,1.7,464.77,15.49,449.28,0,2423.7,organic,2021,Peoria/Springfield
16/05/2021 0:00,0.99,"60,499.03",42355.68,18034.1,109.26,37757.17,conventional,2021,Peoria/Springfield
16/05/2021 0:00,1.67,414.87,10.62,404.26,0,2210.34,organic,2021,Peoria/Springfield
13/06/2021 0:00,1.07,"57,406.58",33650.03,23605.81,150.73,39715.01,conventional,2021,Peoria/Springfield
06/06/2021 0:00,1.06,"56,060.65",36310.16,19673.41,77.09,38986.88,conventional,2021,Peoria/Springfield
30/05/2021 0:00,1.1,"57,927.05",32710.45,25052.24,164.34,40079.88,conventional,2021,Peoria/Springfield
23/05/2021 0:00,1.01,"54,832.88",37068.83,17633.92,130.13,39888.35,conventional,2021,Peoria/Springfield
13/06/2021 0:00,1.58,442.2,21.96,420.24,0,2404.8,organic,2021,Peoria/Springfield
06/06/2021 0:00,1.9,476.25,16.17,460.08,0,1892.45,organic,2021,Peoria/Springfield
30/05/2021 0:00,1.92,522.31,18.08,504.23,0,2020.43,organic,2021,Peoria/Springfield
23/05/2021 0:00,1.65,426.83,18.9,407.93,0,2268.76,organic,2021,Peoria/Springfield
11/07/2021 0:00,0.94,"50,345.93",27988.86,22188.92,168.14,43484.43,conventional,2021,Peoria/Springfield
04/07/2021 0:00,0.97,"55,127.69",28146.04,26804.11,177.54,46676.09,conventional,2021,Peoria/Springfield
27/06/2021 0:00,1.07,"51,982.98",30734.9,21091.94,156.14,31765.3,conventional,2021,Peoria/Springfield
20/06/2021 0:00,1.06,"57,284.59",28503.41,28620.81,160.36,39531.98,conventional,2021,Peoria/Springfield
11/07/2021 0:00,1.6,0.01,0,0,0,1811.16,organic,2021,Peoria/Springfield
04/07/2021 0:00,1.73, -   ,0,0,0,1820.82,organic,2021,Peoria/Springfield
27/06/2021 0:00,1.73, -   ,0,0,0,1417.98,organic,2021,Peoria/Springfield
20/06/2021 0:00,1.57, -   ,0,0,0,1862.05,organic,2021,Peoria/Springfield
08/08/2021 0:00,1.01,"44,437.26",28399.66,15946.36,91.25,31188.32,conventional,2021,Peoria/Springfield
01/08/2021 0:00,1.01,"45,052.90",26571.91,18432.18,48.8,36113.77,conventional,2021,Peoria/Springfield
25/07/2021 0:00,0.91,"55,080.92",24547.8,30415.48,117.65,37013.46,conventional,2021,Peoria/Springfield
18/07/2021 0:00,0.87,"59,009.55",25745.34,33146.77,117.44,46080.93,conventional,2021,Peoria/Springfield
08/08/2021 0:00,1.78,395.7,16.38,377.38,1.94,2354.79,organic,2021,Peoria/Springfield
01/08/2021 0:00,1.73,457.11,15.5,441.61,0,2295.36,organic,2021,Peoria/Springfield
25/07/2021 0:00,1.75,452.12,37.69,414.42,0,1921.01,organic,2021,Peoria/Springfield
18/07/2021 0:00,1.7,399.86,37.65,362.2,0,1955.02,organic,2021,Peoria/Springfield
05/09/2021 0:00,0.98,"48,794.76",32115.17,16576.84,102.76,38369.42,conventional,2021,Peoria/Springfield
29/08/2021 0:00,1.02,"50,159.83",26616.33,23493.45,50.04,35400.58,conventional,2021,Peoria/Springfield
22/08/2021 0:00,1.02,"44,717.77",24190.05,20409.54,118.18,41114.99,conventional,2021,Peoria/Springfield
15/08/2021 0:00,0.95,"54,076.65",23462.72,30535.03,78.9,34031.21,conventional,2021,Peoria/Springfield
05/09/2021 0:00,1.62,454.33,36.57,417.76,0,2849.84,organic,2021,Peoria/Springfield
29/08/2021 0:00,1.76,518.16,15.47,502.68,0,2827.66,organic,2021,Peoria/Springfield
22/08/2021 0:00,1.66,566.41,51.04,515.38,0,2623.18,organic,2021,Peoria/Springfield
15/08/2021 0:00,1.71,410.42,19.04,391.38,0,2203.61,organic,2021,Peoria/Springfield
03/10/2021 0:00,0.99,"51,372.84",39663.92,11638.75,70.16,33341.33,conventional,2021,Peoria/Springfield
26/09/2021 0:00,1.07,"37,970.96",27127.3,10804.85,38.81,29407.38,conventional,2021,Peoria/Springfield
19/09/2021 0:00,1.02,"47,300.73",30144.28,17075.64,80.8,29944.39,conventional,2021,Peoria/Springfield
12/09/2021 0:00,0.98,"54,406.05",33359.29,20943,103.77,34930.89,conventional,2021,Peoria/Springfield
03/10/2021 0:00,1.76,444.86,22.02,422.83,0,2017.79,organic,2021,Peoria/Springfield
26/09/2021 0:00,1.62,401.74,71.29,330.45,0,2550.41,organic,2021,Peoria/Springfield
19/09/2021 0:00,1.7,397.54,23.01,374.54,0,2148.22,organic,2021,Peoria/Springfield
12/09/2021 0:00,1.64,447.9,46.15,401.76,0,2934.31,organic,2021,Peoria/Springfield
31/10/2021 0:00,1.04,"42,087.88",29603.53,12443.23,41.12,33309.27,conventional,2021,Peoria/Springfield
24/10/2021 0:00,1.08,"47,177.11",32600.18,14509.69,67.24,29908.23,conventional,2021,Peoria/Springfield
17/10/2021 0:00,1.04,"46,953.44",36977.22,9944.91,31.32,34734.38,conventional,2021,Peoria/Springfield
10/10/2021 0:00,1.09,"43,443.17",31743.92,11677.64,21.61,34541.35,conventional,2021,Peoria/Springfield
31/10/2021 0:00,1.62,345.82,6.69,339.13,0,2437.63,organic,2021,Peoria/Springfield
24/10/2021 0:00,1.75,373.99,15.42,358.57,0,2148.92,organic,2021,Peoria/Springfield
17/10/2021 0:00,1.78,475.24,54.9,420.34,0,2337.79,organic,2021,Peoria/Springfield
10/10/2021 0:00,1.78,457.16,32.72,424.45,0,2045.96,organic,2021,Peoria/Springfield
28/11/2021 0:00,1.04,"39,210.89",25639,13509.75,62.13,25122.48,conventional,2021,Peoria/Springfield
21/11/2021 0:00,1.05,"39,551.06",27368.76,12115.2,67.1,30342.13,conventional,2021,Peoria/Springfield
14/11/2021 0:00,1,"49,566.95",36291.28,13209.96,65.7,35599.3,conventional,2021,Peoria/Springfield
07/11/2021 0:00,1.04,"42,235.92",27597.64,14559.06,79.23,35626.07,conventional,2021,Peoria/Springfield
28/11/2021 0:00,1.73,366.42,14.22,352.2,0,1936.85,organic,2021,Peoria/Springfield
21/11/2021 0:00,1.62,424.3,1.93,422.36,0,2312.24,organic,2021,Peoria/Springfield
14/11/2021 0:00,1.64,429.41,47.45,381.96,0,2502.13,organic,2021,Peoria/Springfield
07/11/2021 0:00,1.63,418.92,29.52,389.4,0,2313.04,organic,2021,Peoria/Springfield
26/12/2021 0:00,1.1,"36,244.20",27571.45,8620.15,52.59,33546.24,conventional,2021,Peoria/Springfield
19/12/2021 0:00,1.07,"40,674.13",30502.47,10116.39,55.28,30316.37,conventional,2021,Peoria/Springfield
12/12/2021 0:00,1.03,"41,783.64",33699.42,7996.76,87.46,34032.47,conventional,2021,Peoria/Springfield
05/12/2021 0:00,0.98,"54,241.42",43142.43,11022.16,76.83,30281.02,conventional,2021,Peoria/Springfield
26/12/2021 0:00,1.6,251.66,9.68,241.98,0,2338.25,organic,2021,Peoria/Springfield
19/12/2021 0:00,1.72,317.34,17.1,300.23,0,2010.44,organic,2021,Peoria/Springfield
12/12/2021 0:00,1.53,309.43,20.2,289.22,0,2535.56,organic,2021,Peoria/Springfield
05/12/2021 0:00,1.63,359.49,9.61,349.87,0,2386.74,organic,2021,Peoria/Springfield
04/01/2021 0:00,0.9,"336,633.34",122215.74,214191.28,226.32,288538.82,conventional,2021,Philadelphia
04/01/2021 0:00,1.62,"4,066.54",1654.3,2412.23,0,18827.09,organic,2021,Philadelphia
10/01/2021 0:00,0.96,"375,910.31",128393.1,247310.05,207.17,273259.87,conventional,2021,Philadelphia
10/01/2021 0:00,1.41,"3,473.46",1671.82,1801.64,0,32241.35,organic,2021,Philadelphia
17/01/2021 0:00,1.02,"384,123.00",132526.61,251253.04,343.35,250813.18,conventional,2021,Philadelphia
17/01/2021 0:00,1.57,"6,306.14",3249.33,3056.81,0,23943.5,organic,2021,Philadelphia
24/01/2021 0:00,0.96,"409,730.58",140343.37,269032.33,354.87,248440.58,conventional,2021,Philadelphia
24/01/2021 0:00,1.64,"3,996.85",1668.63,2327.05,1.16,21402.7,organic,2021,Philadelphia
31/01/2021 0:00,0.94,"417,774.30",140834.96,276695.56,243.78,354231.1,conventional,2021,Philadelphia
31/01/2021 0:00,1.56,"4,046.98",1621.85,2425.13,0,24618.77,organic,2021,Philadelphia
07/02/2021 0:00,0.99,"427,588.08",134928.55,292328.82,330.72,273345.35,conventional,2021,Philadelphia
07/02/2021 0:00,1.53,"4,129.71",1709.14,2420.57,0,24870.09,organic,2021,Philadelphia
14/02/2021 0:00,0.93,"415,733.38",155003.23,260544.08,186.08,319308.52,conventional,2021,Philadelphia
14/02/2021 0:00,1.56,"4,897.60",1705.8,3191.79,0,20574.98,organic,2021,Philadelphia
21/02/2021 0:00,1.02,"372,624.22",135780.26,236608.16,235.79,223372.67,conventional,2021,Philadelphia
21/02/2021 0:00,1.59,"3,886.78",1415.77,2471.01,0,21013.87,organic,2021,Philadelphia
28/02/2021 0:00,0.99,"382,369.26",128490.95,253632.56,245.73,265893.55,conventional,2021,Philadelphia
28/02/2021 0:00,1.58,"3,829.40",1303.34,2526.06,0,23999.77,organic,2021,Philadelphia
07/03/2021 0:00,1.02,"378,247.40",128714.38,249337.23,195.79,262411.14,conventional,2021,Philadelphia
07/03/2021 0:00,1.6,"3,907.57",1291.13,2616.44,0,23156.25,organic,2021,Philadelphia
14/03/2021 0:00,1.02,"372,099.94",127885.92,243959.44,254.57,248591.15,conventional,2021,Philadelphia
14/03/2021 0:00,1.57,"3,907.51",1447.37,2460.15,0,24781.99,organic,2021,Philadelphia
21/03/2021 0:00,0.99,"367,814.12",136996.63,230502.99,314.5,244333.66,conventional,2021,Philadelphia
21/03/2021 0:00,1.56,"3,952.82",1390.78,2562.03,0,22137.9,organic,2021,Philadelphia
28/03/2021 0:00,1.11,"358,553.58",141442.46,216869.65,241.48,251851.22,conventional,2021,Philadelphia
28/03/2021 0:00,1.65,"3,359.22",1353.3,2005.91,0,21609.73,organic,2021,Philadelphia
04/04/2021 0:00,1.09,"407,827.68",168292.56,239241.15,293.97,246955.57,conventional,2021,Philadelphia
04/04/2021 0:00,1.79,"3,008.71",1173.4,1835.31,0,20136.16,organic,2021,Philadelphia
11/04/2021 0:00,1.14,"347,741.14",135934.77,211587.72,218.66,233978.86,conventional,2021,Philadelphia
11/04/2021 0:00,1.77,"3,091.38",1123.57,1967.8,0,21466.74,organic,2021,Philadelphia
18/04/2021 0:00,1.18,"363,883.69",136687.28,226937.89,258.53,250576.5,conventional,2021,Philadelphia
18/04/2021 0:00,1.75,"3,673.59",1333.85,2339.74,0,26104.46,organic,2021,Philadelphia
25/04/2021 0:00,1.17,"343,855.89",121241,222352.13,262.77,264569.07,conventional,2021,Philadelphia
25/04/2021 0:00,1.74,"2,777.63",816.35,1961.28,0,25957.42,organic,2021,Philadelphia
02/05/2021 0:00,1.17,"378,748.11",130634.52,247891.1,222.49,263383.92,conventional,2021,Philadelphia
02/05/2021 0:00,1.74,"2,734.22",949.43,1784.8,0,26923.92,organic,2021,Philadelphia
09/05/2021 0:00,1.09,"417,829.13",156751.25,260586.07,491.82,282094.46,conventional,2021,Philadelphia
09/05/2021 0:00,1.72,"3,022.95",884.34,2138.61,0,24526.91,organic,2021,Philadelphia
16/05/2021 0:00,1.17,"336,973.87",118180.41,218515.54,277.92,252915.82,conventional,2021,Philadelphia
16/05/2021 0:00,1.72,"3,664.88",867.01,2797.87,0,20905.96,organic,2021,Philadelphia
13/06/2021 0:00,1.1,"371,042.10",145968.9,224693.36,379.82,268809.09,conventional,2021,Philadelphia
06/06/2021 0:00,1.17,"352,248.03",132789.44,219115.65,342.95,238040.05,conventional,2021,Philadelphia
30/05/2021 0:00,1.18,"358,959.51",131759.41,226925.71,274.4,252034.92,conventional,2021,Philadelphia
23/05/2021 0:00,1.18,"371,672.47",133896.74,237480.3,295.43,240882.16,conventional,2021,Philadelphia
13/06/2021 0:00,1.78,"3,405.84",1086.01,2319.83,0,21324.82,organic,2021,Philadelphia
06/06/2021 0:00,1.79,"2,745.48",901.09,1844.39,0,20361.88,organic,2021,Philadelphia
30/05/2021 0:00,1.75,"3,104.59",1046.52,2058.06,0,21967.19,organic,2021,Philadelphia
23/05/2021 0:00,1.75,"3,333.79",1228.12,2105.66,0,22889.6,organic,2021,Philadelphia
11/07/2021 0:00,1.13,"340,320.00",129097.63,211048.53,173.85,198245.28,conventional,2021,Philadelphia
04/07/2021 0:00,1.16,"366,346.61",141121.68,225073.99,150.94,216377.14,conventional,2021,Philadelphia
27/06/2021 0:00,1.16,"347,942.27",137015.13,210818.42,108.72,202741.23,conventional,2021,Philadelphia
20/06/2021 0:00,1.16,"372,633.06",144929.65,227542.1,161.32,215119.23,conventional,2021,Philadelphia
11/07/2021 0:00,1.79, -   ,0,0,0,16806.75,organic,2021,Philadelphia
04/07/2021 0:00,1.64,0,0,0,0,17580.67,organic,2021,Philadelphia
27/06/2021 0:00,1.77,-0.01,0,0,0,16744.29,organic,2021,Philadelphia
20/06/2021 0:00,1.75, -   ,0,0,0,18050.12,organic,2021,Philadelphia
08/08/2021 0:00,1.1,"324,156.37",130206.62,193754.37,195.39,181174.17,conventional,2021,Philadelphia
01/08/2021 0:00,1.12,"352,314.30",136712.21,215427.79,174.3,185484.87,conventional,2021,Philadelphia
25/07/2021 0:00,1.09,"330,307.23",131998.47,198092.73,216.03,208505.96,conventional,2021,Philadelphia
18/07/2021 0:00,1.12,"333,316.81",125622.54,207513.85,180.42,215058.3,conventional,2021,Philadelphia
08/08/2021 0:00,1.71,"2,593.66",691.09,1902.57,0,18262.86,organic,2021,Philadelphia
01/08/2021 0:00,1.79,"2,439.79",693.61,1746.18,0,16883.63,organic,2021,Philadelphia
25/07/2021 0:00,1.76,"3,858.20",948.88,2909.32,0,17799.9,organic,2021,Philadelphia
18/07/2021 0:00,1.78,"2,586.95",696.5,1885.77,4.67,18981.7,organic,2021,Philadelphia
05/09/2021 0:00,1.02,"314,737.11",126203.87,188418.34,114.89,202708.96,conventional,2021,Philadelphia
29/08/2021 0:00,1.02,"320,081.71",121006.67,198701.17,373.87,178079.74,conventional,2021,Philadelphia
22/08/2021 0:00,1.04,"309,602.14",118425.76,191012.94,163.44,191859.19,conventional,2021,Philadelphia
15/08/2021 0:00,1.01,"331,549.90",114922.04,216341.08,286.77,210598.6,conventional,2021,Philadelphia
05/09/2021 0:00,1.78,"4,448.72",1375.9,3072.82,0,21421.06,organic,2021,Philadelphia
29/08/2021 0:00,1.72,"3,812.86",1339.7,2473.17,0,21580.94,organic,2021,Philadelphia
22/08/2021 0:00,1.75,"2,528.20",710.79,1817.41,0,20776.78,organic,2021,Philadelphia
15/08/2021 0:00,1.8,"2,393.99",558.94,1833.9,1.15,19101.04,organic,2021,Philadelphia
03/10/2021 0:00,1.22,"309,060.39",139751.9,169096.72,211.77,188964.99,conventional,2021,Philadelphia
26/09/2021 0:00,1.16,"309,956.77",135474.93,174317.38,164.45,194322.67,conventional,2021,Philadelphia
19/09/2021 0:00,1.14,"286,374.53",114666.25,171467.09,241.2,189638.4,conventional,2021,Philadelphia
12/09/2021 0:00,1.07,"306,859.52",115821.24,190640.98,397.29,196233.87,conventional,2021,Philadelphia
03/10/2021 0:00,1.83,"3,013.53",885.69,2127.84,0,18463.79,organic,2021,Philadelphia
26/09/2021 0:00,1.81,"3,444.61",1011.35,2433.26,0,19589.32,organic,2021,Philadelphia
19/09/2021 0:00,1.73,"4,982.42",1638.53,3343.31,0.58,20928.09,organic,2021,Philadelphia
12/09/2021 0:00,1.77,"3,565.94",992.57,2573.36,0,20653.23,organic,2021,Philadelphia
31/10/2021 0:00,1.18,"292,386.12",129971.57,162106.62,307.93,184368.95,conventional,2021,Philadelphia
24/10/2021 0:00,1.27,"257,840.80",110690.87,146982.2,167.73,207209.68,conventional,2021,Philadelphia
17/10/2021 0:00,1.25,"280,128.23",120142.88,159821.48,163.88,207475.5,conventional,2021,Philadelphia
10/10/2021 0:00,1.25,"296,636.93",108188.33,188186.89,261.71,210755.65,conventional,2021,Philadelphia
31/10/2021 0:00,1.7,"3,020.01",1041.22,1978.79,0,20646.46,organic,2021,Philadelphia
24/10/2021 0:00,1.65,"4,443.26",1633.42,2809.83,0,21314.28,organic,2021,Philadelphia
17/10/2021 0:00,1.74,"3,488.56",880.06,2608.5,0,19937.04,organic,2021,Philadelphia
10/10/2021 0:00,1.79,"2,976.13",907.52,2068.62,0,19744.34,organic,2021,Philadelphia
28/11/2021 0:00,1.24,"233,740.95",139881.28,93688.47,171.21,172227.52,conventional,2021,Philadelphia
21/11/2021 0:00,1.22,"284,815.93",183401.03,101198.84,216.06,187276.73,conventional,2021,Philadelphia
14/11/2021 0:00,1.32,"267,953.63",124284.75,143484.13,184.75,194703.21,conventional,2021,Philadelphia
07/11/2021 0:00,1.26,"300,357.84",117833.73,182280.43,243.69,191073.65,conventional,2021,Philadelphia
28/11/2021 0:00,1.74,"3,401.21",1147.75,2253.46,0,18504.71,organic,2021,Philadelphia
21/11/2021 0:00,1.79,"3,319.32",1112.03,2207.29,0,18012.89,organic,2021,Philadelphia
14/11/2021 0:00,1.71,"3,822.79",1492.46,2330.33,0,20141.12,organic,2021,Philadelphia
07/11/2021 0:00,1.72,"3,200.87",996.93,2203.94,0,18889.21,organic,2021,Philadelphia
26/12/2021 0:00,1.21,"264,851.49",167702.85,96888.84,259.8,196890.68,conventional,2021,Philadelphia
19/12/2021 0:00,1.16,"305,793.22",187290.32,118205.63,297.28,217234.23,conventional,2021,Philadelphia
12/12/2021 0:00,1.23,"262,476.78",156687.06,105563.91,225.82,213936.26,conventional,2021,Philadelphia
05/12/2021 0:00,1.2,"304,516.98",188187.64,116165.58,163.76,190981.37,conventional,2021,Philadelphia
26/12/2021 0:00,1.75,"2,577.21",1581.43,995.79,0,18232.8,organic,2021,Philadelphia
19/12/2021 0:00,1.86,"3,797.14",2734.22,1062.91,0,15409.78,organic,2021,Philadelphia
12/12/2021 0:00,1.81,"4,145.39",1718.94,2426.46,0,17184.47,organic,2021,Philadelphia
05/12/2021 0:00,1.78,"3,924.96",1722.56,2202.4,0,18713.33,organic,2021,Philadelphia
04/01/2021 0:00,0.57,"719,866.63",461850.12,253224.16,4792.35,144504.37,conventional,2021,Phoenix/Tucson
04/01/2021 0:00,1.14,"12,386.48",2662.66,9723.83,0,16348.16,organic,2021,Phoenix/Tucson
10/01/2021 0:00,0.72,"629,589.56",447031.74,178376.87,4180.95,190993.05,conventional,2021,Phoenix/Tucson
10/01/2021 0:00,1.29,"7,979.68",2726.18,5253.49,0,18219.21,organic,2021,Phoenix/Tucson
17/01/2021 0:00,0.75,"681,478.96",530393.83,146661.94,4423.2,198597.77,conventional,2021,Phoenix/Tucson
17/01/2021 0:00,1.3,"9,014.58",3626.73,5387.86,0,18478.56,organic,2021,Phoenix/Tucson
24/01/2021 0:00,0.76,"558,134.63",282421.63,272045.95,3667.04,177209.48,conventional,2021,Phoenix/Tucson
24/01/2021 0:00,1.29,"4,456.76",2358.3,2098.45,0,17064.65,organic,2021,Phoenix/Tucson
31/01/2021 0:00,0.62,"655,228.75",409581.19,240998.65,4648.91,177322.94,conventional,2021,Phoenix/Tucson
31/01/2021 0:00,1.31,"2,893.47",1854.43,1039.04,0,15557.39,organic,2021,Phoenix/Tucson
07/02/2021 0:00,0.65,"700,237.96",432626,261364.34,6247.62,198499.42,conventional,2021,Phoenix/Tucson
07/02/2021 0:00,1.29,"4,140.53",2851.01,1289.52,0,16385.25,organic,2021,Phoenix/Tucson
14/02/2021 0:00,0.7,"564,424.53",308907.75,250987.73,4529.05,187609.79,conventional,2021,Phoenix/Tucson
14/02/2021 0:00,1.3,"5,869.70",3774.37,2095.33,0,15183.32,organic,2021,Phoenix/Tucson
21/02/2021 0:00,0.79,"610,190.10",438086.72,167393.76,4709.61,174394.12,conventional,2021,Phoenix/Tucson
21/02/2021 0:00,1.27,"6,231.03",3709.89,2521.14,0,16623.89,organic,2021,Phoenix/Tucson
28/02/2021 0:00,0.67,"627,164.92",401656.65,220946.06,4562.21,164588.78,conventional,2021,Phoenix/Tucson
28/02/2021 0:00,1.29,"6,018.67",2966.5,3050.03,2.14,15213.64,organic,2021,Phoenix/Tucson
07/03/2021 0:00,0.78,"557,836.30",366100.76,187350.8,4384.74,193819.46,conventional,2021,Phoenix/Tucson
07/03/2021 0:00,1.28,"3,665.57",1905.03,1760.54,0,16235.97,organic,2021,Phoenix/Tucson
14/03/2021 0:00,0.84,"543,622.40",392639.64,146663.73,4319.02,193500.79,conventional,2021,Phoenix/Tucson
14/03/2021 0:00,1.28,"4,544.74",3171.62,1373.11,0,16695.26,organic,2021,Phoenix/Tucson
21/03/2021 0:00,0.74,"611,552.09",382040.37,225046.29,4465.42,177890.81,conventional,2021,Phoenix/Tucson
21/03/2021 0:00,1.26,"4,272.57",2128.67,2143.9,0,15808.8,organic,2021,Phoenix/Tucson
28/03/2021 0:00,0.79,"670,006.03",449962.95,215869.34,4173.74,184253.83,conventional,2021,Phoenix/Tucson
28/03/2021 0:00,1.31,"3,241.40",2465.74,775.66,0,17221.02,organic,2021,Phoenix/Tucson
04/04/2021 0:00,0.96,"579,687.16",402118.12,173301.03,4268.01,165606.74,conventional,2021,Phoenix/Tucson
04/04/2021 0:00,1.42,"3,177.09",2272.27,904.81,0,18140.83,organic,2021,Phoenix/Tucson
11/04/2021 0:00,0.96,"574,359.04",407567.16,162365.29,4426.59,152743.86,conventional,2021,Phoenix/Tucson
11/04/2021 0:00,1.43,"3,006.00",2123.76,882.24,0,18512.89,organic,2021,Phoenix/Tucson
18/04/2021 0:00,0.89,"664,492.58",478316.94,181499.76,4675.88,156488.06,conventional,2021,Phoenix/Tucson
18/04/2021 0:00,1.45,"3,098.57",2196.6,901.98,0,18802.94,organic,2021,Phoenix/Tucson
25/04/2021 0:00,0.88,"651,340.47",460325.52,186617.02,4397.93,158987.31,conventional,2021,Phoenix/Tucson
25/04/2021 0:00,1.47,"2,956.74",2075.98,880.75,0,17200.37,organic,2021,Phoenix/Tucson
02/05/2021 0:00,0.86,"604,218.76",347005.89,252562.58,4650.3,149564.88,conventional,2021,Phoenix/Tucson
02/05/2021 0:00,1.45,"2,963.38",2033.37,930.01,0,17013.13,organic,2021,Phoenix/Tucson
09/05/2021 0:00,0.91,"637,233.94",384415.37,248386.36,4432.2,169046.09,conventional,2021,Phoenix/Tucson
09/05/2021 0:00,1.5,"3,538.55",2619.89,918.67,0,18217.07,organic,2021,Phoenix/Tucson
16/05/2021 0:00,0.83,"666,902.69",441447.08,222349.33,3106.28,155607.32,conventional,2021,Phoenix/Tucson
16/05/2021 0:00,1.48,"2,969.64",2124.1,845.54,0,16610.52,organic,2021,Phoenix/Tucson
13/06/2021 0:00,0.86,"657,436.92",446200.74,207428.73,3807.45,147037.21,conventional,2021,Phoenix/Tucson
06/06/2021 0:00,0.9,"636,151.57",452770.64,178703.98,4676.95,151497.54,conventional,2021,Phoenix/Tucson
30/05/2021 0:00,0.96,"580,600.79",373038.5,202719.98,4842.3,160294.09,conventional,2021,Phoenix/Tucson
23/05/2021 0:00,0.89,"539,964.00",324802.88,211206.61,3954.51,148651.87,conventional,2021,Phoenix/Tucson
13/06/2021 0:00,1.68,"2,668.21",1833.75,834.46,0,13084.75,organic,2021,Phoenix/Tucson
06/06/2021 0:00,1.6,"2,530.86",1644.56,886.3,0,16040.79,organic,2021,Phoenix/Tucson
30/05/2021 0:00,1.58,"2,851.66",2003.21,848.45,0,15724.78,organic,2021,Phoenix/Tucson
23/05/2021 0:00,1.53,"3,286.45",2328.18,958.27,0,16145.79,organic,2021,Phoenix/Tucson
11/07/2021 0:00,0.83,"643,746.57",448387.18,192115.65,3243.74,161365.48,conventional,2021,Phoenix/Tucson
04/07/2021 0:00,0.79,"651,720.55",413579.86,233873.34,4267.36,137714.86,conventional,2021,Phoenix/Tucson
27/06/2021 0:00,0.81,"568,066.23",343309.44,219780.9,4975.9,131957.8,conventional,2021,Phoenix/Tucson
20/06/2021 0:00,0.86,"630,105.44",428419.47,197764.5,3921.47,145802.82,conventional,2021,Phoenix/Tucson
11/07/2021 0:00,1.63, -   ,0,0,0,11260.18,organic,2021,Phoenix/Tucson
04/07/2021 0:00,1.6, -   ,0,0,0,11047.96,organic,2021,Phoenix/Tucson
27/06/2021 0:00,1.52, -   ,0,0,0,11617.84,organic,2021,Phoenix/Tucson
20/06/2021 0:00,1.59, -   ,0,0,0,13019.69,organic,2021,Phoenix/Tucson
08/08/2021 0:00,0.79,"576,594.88",307737.31,265671.95,3185.62,175142.67,conventional,2021,Phoenix/Tucson
01/08/2021 0:00,0.97,"406,753.19",217061.79,186553.53,3137.87,192548.86,conventional,2021,Phoenix/Tucson
25/07/2021 0:00,0.91,"439,715.75",269415.72,167131.27,3168.75,177578.36,conventional,2021,Phoenix/Tucson
18/07/2021 0:00,0.92,"460,706.77",268058.81,189110.86,3537.1,179729.87,conventional,2021,Phoenix/Tucson
08/08/2021 0:00,1.64,"3,262.77",2095.26,1167.51,0,11151.5,organic,2021,Phoenix/Tucson
01/08/2021 0:00,1.62,"2,857.38",1815.61,1041.76,0,12095.21,organic,2021,Phoenix/Tucson
25/07/2021 0:00,1.65,"3,470.08",2235.83,1234.25,0,11301.22,organic,2021,Phoenix/Tucson
18/07/2021 0:00,1.66,"2,194.26",1539.67,654.59,0,11087.58,organic,2021,Phoenix/Tucson
05/09/2021 0:00,0.78,"732,231.66",462395.41,266496.91,3339.35,185844.46,conventional,2021,Phoenix/Tucson
29/08/2021 0:00,0.77,"705,263.68",460896.79,241128.37,3238.53,183466.37,conventional,2021,Phoenix/Tucson
22/08/2021 0:00,0.85,"611,152.50",439945.64,167966.28,3240.58,190905.65,conventional,2021,Phoenix/Tucson
15/08/2021 0:00,0.86,"515,098.32",300572.64,211079.91,3445.76,181677.95,conventional,2021,Phoenix/Tucson
05/09/2021 0:00,1.62,"3,353.75",2326.58,1026.1,1.07,11263.61,organic,2021,Phoenix/Tucson
29/08/2021 0:00,1.6,"3,284.32",2245.87,1038.45,0,11585.31,organic,2021,Phoenix/Tucson
22/08/2021 0:00,1.64,"3,362.77",2177.83,1184.94,0,12611.94,organic,2021,Phoenix/Tucson
15/08/2021 0:00,1.69,"4,359.79",1614.91,2744.88,0,10551.32,organic,2021,Phoenix/Tucson
03/10/2021 0:00,0.8,"653,869.57",529100.93,121468.82,3299.83,172801.19,conventional,2021,Phoenix/Tucson
26/09/2021 0:00,0.8,"646,008.30",521458.38,120875.57,3674.36,159805.43,conventional,2021,Phoenix/Tucson
19/09/2021 0:00,0.9,"632,870.27",472759.55,156775.01,3335.71,176130.84,conventional,2021,Phoenix/Tucson
12/09/2021 0:00,0.91,"655,094.86",462694.45,188994.15,3406.26,173273.27,conventional,2021,Phoenix/Tucson
03/10/2021 0:00,1.56,"3,620.16",2562.62,1057.54,0,12062.93,organic,2021,Phoenix/Tucson
26/09/2021 0:00,1.59,"3,684.63",2607.24,1077.38,0,12987.84,organic,2021,Phoenix/Tucson
19/09/2021 0:00,1.65,"3,514.90",2428.83,1086.07,0,12347.74,organic,2021,Phoenix/Tucson
12/09/2021 0:00,1.66,"3,542.63",2366.58,1176.05,0,11368.09,organic,2021,Phoenix/Tucson
31/10/2021 0:00,0.86,"533,793.74",416152.76,114443.23,3197.75,183661.73,conventional,2021,Phoenix/Tucson
24/10/2021 0:00,0.82,"635,882.78",517083.56,115700.69,3098.53,180898.83,conventional,2021,Phoenix/Tucson
17/10/2021 0:00,1,"504,016.53",387024.2,114123.06,2869.26,184285.29,conventional,2021,Phoenix/Tucson
10/10/2021 0:00,1.07,"428,422.73",308265.69,116558.6,3598.44,185994.59,conventional,2021,Phoenix/Tucson
31/10/2021 0:00,1.58,"3,556.92",2662.55,894.37,0,11821.16,organic,2021,Phoenix/Tucson
24/10/2021 0:00,1.64,"2,925.13",2118.53,806.6,0,12468.23,organic,2021,Phoenix/Tucson
17/10/2021 0:00,1.65,"3,553.93",2036.78,1517.16,0,12139.05,organic,2021,Phoenix/Tucson
10/10/2021 0:00,1.65,"4,394.95",2109.4,2285.55,0,12178.56,organic,2021,Phoenix/Tucson
28/11/2021 0:00,1.03,"403,451.30",279698.24,120136.84,3616.22,150066.28,conventional,2021,Phoenix/Tucson
21/11/2021 0:00,0.95,"522,477.95",393790.88,124509.39,4177.68,172318.34,conventional,2021,Phoenix/Tucson
14/11/2021 0:00,0.97,"503,791.47",371305.13,128631.56,3854.78,223326.17,conventional,2021,Phoenix/Tucson
07/11/2021 0:00,0.81,"650,660.41",492758.67,154947.91,2953.83,239979.31,conventional,2021,Phoenix/Tucson
28/11/2021 0:00,1.62,"2,374.70",1723.08,651.61,0,9729.56,organic,2021,Phoenix/Tucson
21/11/2021 0:00,1.65,"2,586.12",1832.8,753.32,0,11007.68,organic,2021,Phoenix/Tucson
14/11/2021 0:00,1.64,"2,609.76",1831.2,778.55,0,12219.64,organic,2021,Phoenix/Tucson
07/11/2021 0:00,1.42,"15,965.04",9914.08,6050.95,0,11060.7,organic,2021,Phoenix/Tucson
26/12/2021 0:00,1.01,"443,380.26",299487.43,139649.26,4243.57,172211.71,conventional,2021,Phoenix/Tucson
19/12/2021 0:00,0.93,"444,960.81",300699.67,140667.5,3593.65,157618.11,conventional,2021,Phoenix/Tucson
12/12/2021 0:00,0.94,"493,022.60",313175.05,176653.87,3193.63,177795.01,conventional,2021,Phoenix/Tucson
05/12/2021 0:00,0.86,"613,359.89",435968.99,174121.01,3269.88,167232.93,conventional,2021,Phoenix/Tucson
26/12/2021 0:00,1.54,"2,684.06",1629.25,992.14,62.67,10833.24,organic,2021,Phoenix/Tucson
19/12/2021 0:00,1.57,"2,267.98",1427.99,839.99,0,11346.69,organic,2021,Phoenix/Tucson
12/12/2021 0:00,1.59,"2,088.29",1394.72,693.58,0,11915.4,organic,2021,Phoenix/Tucson
05/12/2021 0:00,1.62,"2,454.75",1713.96,740.79,0,11163.6,organic,2021,Phoenix/Tucson
04/01/2021 0:00,0.93,"55,795.68",44584.19,11210.54,0.94,34234.47,conventional,2021,Pittsburgh
04/01/2021 0:00,1.4,"1,996.60",1990.97,5.63,0,7473.12,organic,2021,Pittsburgh
10/01/2021 0:00,1.13,"44,074.93",30124.18,13941.77,8.98,43389.69,conventional,2021,Pittsburgh
10/01/2021 0:00,1.36,"1,885.67",1884.25,1.41,0,9589.83,organic,2021,Pittsburgh
17/01/2021 0:00,0.94,"58,184.44",45213.43,12936.85,34.16,44372.7,conventional,2021,Pittsburgh
17/01/2021 0:00,1.28,"3,116.34",3116.34,0,0,9092.77,organic,2021,Pittsburgh
24/01/2021 0:00,1.13,"45,112.35",32561.48,12548.03,2.85,42458.02,conventional,2021,Pittsburgh
24/01/2021 0:00,1.37,"1,920.53",1920.53,0,0,8107.08,organic,2021,Pittsburgh
31/01/2021 0:00,0.94,"52,172.30",38396.68,13751.97,23.64,46552.13,conventional,2021,Pittsburgh
31/01/2021 0:00,1.32,"2,141.04",2136.76,4.27,0,10020.09,organic,2021,Pittsburgh
07/02/2021 0:00,0.93,"62,078.82",47327.21,14712.85,38.76,44244.31,conventional,2021,Pittsburgh
07/02/2021 0:00,1.33,"2,449.50",2446.66,2.83,0,9695.68,organic,2021,Pittsburgh
14/02/2021 0:00,1.13,"42,632.12",30340.26,12283.34,8.52,44587.35,conventional,2021,Pittsburgh
14/02/2021 0:00,1.31,"1,920.19",1915.94,4.25,0,9326.14,organic,2021,Pittsburgh
21/02/2021 0:00,1.12,"41,101.85",27821.81,13270.11,9.94,43775.77,conventional,2021,Pittsburgh
21/02/2021 0:00,1.34,"2,428.71",2427.3,1.41,0,10291.09,organic,2021,Pittsburgh
28/02/2021 0:00,0.95,"58,482.10",46824.58,11637.64,19.87,44657.67,conventional,2021,Pittsburgh
28/02/2021 0:00,1.31,"2,052.56",2042.63,9.93,0,9075.69,organic,2021,Pittsburgh
07/03/2021 0:00,0.97,"52,850.47",38151.47,14676.22,22.77,44699.57,conventional,2021,Pittsburgh
07/03/2021 0:00,1.29,"1,774.56",1771.73,2.83,0,10667.09,organic,2021,Pittsburgh
14/03/2021 0:00,1.14,"44,557.55",29465.81,15085.1,6.63,47109.24,conventional,2021,Pittsburgh
14/03/2021 0:00,1.3,"1,636.32",1634.9,1.42,0,10578.16,organic,2021,Pittsburgh
21/03/2021 0:00,0.97,"61,175.57",47032.43,14098.86,44.29,47072.53,conventional,2021,Pittsburgh
21/03/2021 0:00,1.31,"2,143.77",2140.92,2.84,0,10014.99,organic,2021,Pittsburgh
28/03/2021 0:00,1.24,"37,568.28",28225.03,9323.74,19.51,50007.15,conventional,2021,Pittsburgh
28/03/2021 0:00,1.31,"1,618.47",1615.61,2.87,0,10845.15,organic,2021,Pittsburgh
04/04/2021 0:00,1.28,"38,025.25",26875.44,11139.39,10.43,47117.27,conventional,2021,Pittsburgh
04/04/2021 0:00,1.28,"1,403.15",1401.73,1.42,0,11179.54,organic,2021,Pittsburgh
11/04/2021 0:00,1.06,"70,036.18",58218.77,11810.77,6.64,41121.35,conventional,2021,Pittsburgh
11/04/2021 0:00,1.27,"2,983.12",2983.12,0,0,10872.85,organic,2021,Pittsburgh
18/04/2021 0:00,1.28,"44,465.61",32475.56,11972.49,17.56,48581.86,conventional,2021,Pittsburgh
18/04/2021 0:00,1.32,"1,731.06",1728.24,2.83,0,11336.25,organic,2021,Pittsburgh
25/04/2021 0:00,1.27,"41,341.56",29189.38,12113.36,38.82,47542.75,conventional,2021,Pittsburgh
25/04/2021 0:00,1.36,"1,886.03",1884.61,1.42,0,11729.99,organic,2021,Pittsburgh
02/05/2021 0:00,1.09,"63,273.49",52522.03,10701.25,50.21,46612.46,conventional,2021,Pittsburgh
02/05/2021 0:00,1.35,"3,387.36",3373.16,14.2,0,11533.96,organic,2021,Pittsburgh
09/05/2021 0:00,1.26,"40,228.46",28037.44,12164.07,26.95,48162.96,conventional,2021,Pittsburgh
09/05/2021 0:00,1.4,"1,794.16",1787.11,7.05,0,11092.42,organic,2021,Pittsburgh
16/05/2021 0:00,1.26,"41,836.95",29687.77,12122.19,26.98,45635.55,conventional,2021,Pittsburgh
16/05/2021 0:00,1.42,"1,911.57",1905.88,5.68,0,10484.21,organic,2021,Pittsburgh
13/06/2021 0:00,1.24,"37,982.22",29281.44,8692.28,8.5,47849.01,conventional,2021,Pittsburgh
06/06/2021 0:00,1.24,"40,407.04",28280.37,12102.11,24.57,46455.71,conventional,2021,Pittsburgh
30/05/2021 0:00,1.24,"45,430.98",33435.22,11985.35,10.41,51249.49,conventional,2021,Pittsburgh
23/05/2021 0:00,1.04,"71,818.16",60864.97,10939.93,13.25,47608.36,conventional,2021,Pittsburgh
13/06/2021 0:00,1.45,"1,756.49",1753.68,2.81,0,9806.64,organic,2021,Pittsburgh
06/06/2021 0:00,1.43,"1,708.15",1703.91,4.25,0,9564.79,organic,2021,Pittsburgh
30/05/2021 0:00,1.44,"2,009.13",2009.13,0,0,10088.66,organic,2021,Pittsburgh
23/05/2021 0:00,1.35,"2,629.54",2629.54,0,0,10172.75,organic,2021,Pittsburgh
11/07/2021 0:00,0.99,"60,434.27",49058.46,11369.2,6.61,39996.06,conventional,2021,Pittsburgh
04/07/2021 0:00,1.23,"42,291.39",32704.44,9576.61,10.33,45401.67,conventional,2021,Pittsburgh
27/06/2021 0:00,1.06,"53,141.57",44381.5,8746.85,13.22,40176.06,conventional,2021,Pittsburgh
20/06/2021 0:00,1.29,"42,019.14",33040.42,8961.26,17.47,40901.38,conventional,2021,Pittsburgh
11/07/2021 0:00,1.49,-0.01,0,0,0,2363.25,organic,2021,Pittsburgh
04/07/2021 0:00,1.47, -   ,0,0,0,5075.17,organic,2021,Pittsburgh
27/06/2021 0:00,1.1, -   ,0,0,0,4160.36,organic,2021,Pittsburgh
20/06/2021 0:00,1.49, -   ,0,0,0,6387.11,organic,2021,Pittsburgh
08/08/2021 0:00,0.95,"51,644.29",42393.97,9250.32,0,41522.16,conventional,2021,Pittsburgh
01/08/2021 0:00,1.06,"38,903.72",28706.59,10192.88,4.25,57486.74,conventional,2021,Pittsburgh
25/07/2021 0:00,1.11,"38,621.16",28360.56,10256.34,4.25,52548.87,conventional,2021,Pittsburgh
18/07/2021 0:00,1.19,"39,229.10",28529.28,10696.99,2.84,44377.93,conventional,2021,Pittsburgh
08/08/2021 0:00,1.67,"2,148.17",2145.33,2.84,0,6056.59,organic,2021,Pittsburgh
01/08/2021 0:00,1.69,"1,634.97",1629.35,5.62,0,5099.47,organic,2021,Pittsburgh
25/07/2021 0:00,1.67,"1,436.07",1412.07,24.01,0,3744.58,organic,2021,Pittsburgh
18/07/2021 0:00,1.79,"1,921.16",1919.74,1.42,0,3445.42,organic,2021,Pittsburgh
05/09/2021 0:00,1.04,"42,009.03",29294.34,12707.61,7.09,59135.18,conventional,2021,Pittsburgh
29/08/2021 0:00,1.14,"40,649.19",30864.51,9775.71,8.97,46674.74,conventional,2021,Pittsburgh
22/08/2021 0:00,0.94,"54,693.81",42951.94,11732.43,9.44,52779.19,conventional,2021,Pittsburgh
15/08/2021 0:00,1,"37,745.71",27938.03,9806.27,1.41,65591.64,conventional,2021,Pittsburgh
05/09/2021 0:00,1.71,"1,959.24",1950.73,8.5,0,6348.09,organic,2021,Pittsburgh
29/08/2021 0:00,1.7,"2,287.55",2287.55,0,0,7132.83,organic,2021,Pittsburgh
22/08/2021 0:00,1.65,"2,853.72",2853.72,0,0,6894.94,organic,2021,Pittsburgh
15/08/2021 0:00,1.66,"1,603.98",1594.12,9.86,0,6567.97,organic,2021,Pittsburgh
03/10/2021 0:00,1.24,"32,730.97",23949.58,8778.08,3.31,37813.3,conventional,2021,Pittsburgh
26/09/2021 0:00,1.04,"43,234.06",39001.09,4232.96,0,35886.86,conventional,2021,Pittsburgh
19/09/2021 0:00,1.24,"34,947.56",26310.66,8632.16,4.73,35590.77,conventional,2021,Pittsburgh
12/09/2021 0:00,0.97,"48,510.16",38639.59,9869.16,1.42,39115.59,conventional,2021,Pittsburgh
03/10/2021 0:00,1.67,"1,963.80",1960.98,2.82,0,5211.35,organic,2021,Pittsburgh
26/09/2021 0:00,1.22,"3,130.94",3130.94,0,0,4396.68,organic,2021,Pittsburgh
19/09/2021 0:00,1.56,"2,747.53",2741.88,5.65,0,5515.57,organic,2021,Pittsburgh
12/09/2021 0:00,1.74,"2,294.79",2284.91,9.89,0,4952.01,organic,2021,Pittsburgh
31/10/2021 0:00,1.03,"55,321.53",49774.43,5544.27,2.83,27748.26,conventional,2021,Pittsburgh
24/10/2021 0:00,1.26,"31,483.51",26216.33,5263.88,3.3,34577.52,conventional,2021,Pittsburgh
17/10/2021 0:00,1.26,"35,967.04",27392.22,8574.82,0,35510.96,conventional,2021,Pittsburgh
10/10/2021 0:00,1.06,"52,301.91",43737.4,8539.98,24.52,36814.43,conventional,2021,Pittsburgh
31/10/2021 0:00,1.25,"1,679.13",1679.13,0,0,5897.44,organic,2021,Pittsburgh
24/10/2021 0:00,1.71,"2,299.64",2299.64,0,0,6257.51,organic,2021,Pittsburgh
17/10/2021 0:00,1.69,"1,847.74",1846.34,1.4,0,5111.06,organic,2021,Pittsburgh
10/10/2021 0:00,1.56,"3,214.62",3208.98,5.64,0,5442.12,organic,2021,Pittsburgh
28/11/2021 0:00,1.27,"32,748.45",28447.92,4298.65,1.89,27376.01,conventional,2021,Pittsburgh
21/11/2021 0:00,1.26,"38,326.45",33044.64,5273.3,8.5,35594.82,conventional,2021,Pittsburgh
14/11/2021 0:00,1.27,"40,016.29",34645.58,5360.37,10.34,34214.93,conventional,2021,Pittsburgh
07/11/2021 0:00,1.27,"40,399.97",34572.01,5820.94,7.03,32170.97,conventional,2021,Pittsburgh
28/11/2021 0:00,1.63,645.58,645.57,0,0,4999.04,organic,2021,Pittsburgh
21/11/2021 0:00,1.65,945.06,939.51,5.55,0,6459,organic,2021,Pittsburgh
14/11/2021 0:00,1.65,784.45,781.66,2.79,0,6068.07,organic,2021,Pittsburgh
07/11/2021 0:00,1.61,857.96,845.4,12.56,0,5842.01,organic,2021,Pittsburgh
26/12/2021 0:00,1.06,"45,302.45",41472.58,3817.39,12.48,34339.22,conventional,2021,Pittsburgh
19/12/2021 0:00,1.29,"39,667.83",35352.56,4306.02,9.24,37059.31,conventional,2021,Pittsburgh
12/12/2021 0:00,1.27,"36,933.50",32427.03,4496.14,10.34,38675.94,conventional,2021,Pittsburgh
05/12/2021 0:00,1.03,"59,145.82",54748.26,4397.56,0,33369.28,conventional,2021,Pittsburgh
26/12/2021 0:00,1.48,731.45,730.1,1.35,0,3797.64,organic,2021,Pittsburgh
19/12/2021 0:00,1.62,773.74,773.73,0,0,4832.61,organic,2021,Pittsburgh
12/12/2021 0:00,1.63,709.15,707.77,1.38,0,5620.82,organic,2021,Pittsburgh
05/12/2021 0:00,1.57,973.76,969.61,4.16,0,5047.89,organic,2021,Pittsburgh
04/01/2021 0:00,0.79,"1,480,364.98",690005.8,788953.19,1405.99,559893.79,conventional,2021,Plains
04/01/2021 0:00,1.41,"9,315.80",6762.16,2501.92,51.73,30107.74,organic,2021,Plains
10/01/2021 0:00,0.92,"1,209,047.50",687114.6,520059.31,1873.6,665250.67,conventional,2021,Plains
10/01/2021 0:00,1.37,"10,287.36",8105.45,2168.16,13.74,34838.98,organic,2021,Plains
17/01/2021 0:00,0.86,"1,288,697.11",676015.66,611130.23,1551.24,681672.53,conventional,2021,Plains
17/01/2021 0:00,1.33,"9,656.20",7155.38,2473.25,27.55,36182.94,organic,2021,Plains
24/01/2021 0:00,0.93,"1,197,429.06",667821.42,527823.55,1784.09,670831.36,conventional,2021,Plains
24/01/2021 0:00,1.4,"8,975.89",6602.02,2358.27,15.61,32814.42,organic,2021,Plains
31/01/2021 0:00,0.95,"1,111,451.99",626503.96,483496.36,1451.66,669632.44,conventional,2021,Plains
31/01/2021 0:00,1.39,"9,326.62",7258.01,2044.52,24.09,31146.67,organic,2021,Plains
07/02/2021 0:00,0.83,"1,692,402.13",830626.15,860114.42,1661.57,764404,conventional,2021,Plains
07/02/2021 0:00,1.38,"9,734.76",7154.91,2569.53,10.32,31727.49,organic,2021,Plains
14/02/2021 0:00,0.89,"1,176,350.33",691439.64,483652.85,1257.83,669974.5,conventional,2021,Plains
14/02/2021 0:00,1.36,"8,472.82",6653.84,1801.82,17.16,31241.52,organic,2021,Plains
21/02/2021 0:00,0.89,"1,177,151.02",653938.76,521844.46,1367.79,607305.02,conventional,2021,Plains
21/02/2021 0:00,1.3,"20,084.43",16809.4,3268.19,6.83,30172.68,organic,2021,Plains
28/02/2021 0:00,0.9,"1,087,702.05",601358.58,484828.03,1515.44,664373.18,conventional,2021,Plains
28/02/2021 0:00,1.44,"14,743.69",9852.12,4879.91,11.66,29437.09,organic,2021,Plains
07/03/2021 0:00,0.96,"1,119,566.41",609375.01,509014.14,1177.25,690453.19,conventional,2021,Plains
07/03/2021 0:00,1.31,"37,637.43",11132.27,26488.07,17.08,30149.15,organic,2021,Plains
14/03/2021 0:00,0.97,"1,103,599.32",644079.7,457935.88,1583.73,688066.67,conventional,2021,Plains
14/03/2021 0:00,1.51,"18,536.39",8042.56,10478.5,15.32,36401.28,organic,2021,Plains
21/03/2021 0:00,0.93,"1,183,125.59",600622.01,580699.45,1804.13,640642.27,conventional,2021,Plains
21/03/2021 0:00,1.34,"20,650.08",16539.02,4107.66,3.4,33599.59,organic,2021,Plains
28/03/2021 0:00,1.09,"1,037,858.67",602617.44,433872.5,1368.73,657854.31,conventional,2021,Plains
28/03/2021 0:00,1.46,"12,218.04",10496.16,1708.34,13.54,33736.35,organic,2021,Plains
04/04/2021 0:00,1.15,"999,934.90",599218.85,399475.29,1240.75,694012.64,conventional,2021,Plains
04/04/2021 0:00,1.56,"10,368.22",8400.19,1905.56,62.47,34084.24,organic,2021,Plains
11/04/2021 0:00,1.1,"1,100,031.82",640722.06,457798.71,1511.06,628578.05,conventional,2021,Plains
11/04/2021 0:00,1.59,"11,510.57",9467.65,2032.82,10.1,33182.75,organic,2021,Plains
18/04/2021 0:00,1.17,"1,036,736.53",625400.93,409920.47,1415.13,642390.38,conventional,2021,Plains
18/04/2021 0:00,1.59,"12,014.65",10201.91,1787.5,25.24,34491.99,organic,2021,Plains
25/04/2021 0:00,1.21,"992,955.55",571329.21,420075.4,1550.94,634937.06,conventional,2021,Plains
25/04/2021 0:00,1.68,"12,267.84",9778.84,2455.34,33.67,36041.64,organic,2021,Plains
02/05/2021 0:00,1.12,"1,225,554.33",695697.46,528356.72,1500.15,641187.35,conventional,2021,Plains
02/05/2021 0:00,1.69,"11,403.07",9063.33,2302.17,37.56,33511.56,organic,2021,Plains
09/05/2021 0:00,1.08,"1,243,801.99",676176.62,565975.76,1649.61,660214.91,conventional,2021,Plains
09/05/2021 0:00,1.7,"10,603.52",8032.68,2502.45,68.39,31072.2,organic,2021,Plains
16/05/2021 0:00,1.15,"980,538.05",552290.01,426632.48,1615.56,621779.64,conventional,2021,Plains
16/05/2021 0:00,1.83,"20,823.52",6906.93,13897.95,18.62,21140.57,organic,2021,Plains
13/06/2021 0:00,1.16,"1,075,603.41",617535.61,445627.99,12439.8,643206,conventional,2021,Plains
06/06/2021 0:00,1.17,"1,057,761.36",596853.93,455115,5792.43,623252.82,conventional,2021,Plains
30/05/2021 0:00,1.11,"1,064,541.94",601024.52,461874.51,1642.91,633941.9,conventional,2021,Plains
23/05/2021 0:00,1.15,"988,158.68",595000.44,390749.58,2408.66,650075.39,conventional,2021,Plains
13/06/2021 0:00,1.8,"10,420.62",8037.42,2366.21,16.99,32252.14,organic,2021,Plains
06/06/2021 0:00,1.81,"10,250.98",7904.23,2296.24,50.51,32690.5,organic,2021,Plains
30/05/2021 0:00,1.76,"10,136.23",7899.77,2214.5,21.96,32894.25,organic,2021,Plains
23/05/2021 0:00,1.78,"13,138.05",8606.08,4482.67,49.29,27739.26,organic,2021,Plains
11/07/2021 0:00,0.98,"1,208,327.30",676068.84,530501.01,1757.45,663546.82,conventional,2021,Plains
04/07/2021 0:00,1.05,"1,288,689.06",762366.25,524235.53,2087.28,687607.08,conventional,2021,Plains
27/06/2021 0:00,1.06,"1,189,131.98",724859.07,462660.53,1612.39,603327.55,conventional,2021,Plains
20/06/2021 0:00,1.12,"1,090,354.38",630895.62,456900.58,2558.17,652996.75,conventional,2021,Plains
11/07/2021 0:00,1.58, -   ,0,0,0,22378.04,organic,2021,Plains
04/07/2021 0:00,1.6, -   ,0,0,0,33592.86,organic,2021,Plains
27/06/2021 0:00,1.61, -   ,0,0,0,32358.99,organic,2021,Plains
20/06/2021 0:00,1.59,-0.01,0,0,0,33113.37,organic,2021,Plains
08/08/2021 0:00,1.08,"981,191.84",589730.82,390131.17,1329.85,512034.09,conventional,2021,Plains
01/08/2021 0:00,1.06,"974,817.41",558630.68,414716.34,1470.39,612525.69,conventional,2021,Plains
25/07/2021 0:00,0.98,"1,098,152.14",618778.23,477880.7,1493.2,661472.46,conventional,2021,Plains
18/07/2021 0:00,0.99,"1,043,453.21",646556.72,394956.84,1939.65,684787.59,conventional,2021,Plains
08/08/2021 0:00,1.56,"9,698.90",7750.17,1872.41,76.32,39213.28,organic,2021,Plains
01/08/2021 0:00,1.67,"9,381.81",7603.66,1723.78,54.37,31966.36,organic,2021,Plains
25/07/2021 0:00,1.7,"9,568.49",7530.73,2020.99,16.78,31035.61,organic,2021,Plains
18/07/2021 0:00,1.74,"11,035.80",8801.75,2188.1,45.94,28945.82,organic,2021,Plains
05/09/2021 0:00,1.11,"902,681.23",551075.31,350209.11,1396.81,551219.82,conventional,2021,Plains
29/08/2021 0:00,1.13,"875,163.46",531574.86,342393.25,1195.35,531805.97,conventional,2021,Plains
22/08/2021 0:00,1.11,"945,377.90",570610.09,373481.27,1286.53,493711.96,conventional,2021,Plains
15/08/2021 0:00,1.03,"1,060,350.97",570418.77,488234.23,1697.97,543108.85,conventional,2021,Plains
05/09/2021 0:00,1.51,"7,644.18",5561.64,2072.37,10.17,48813.89,organic,2021,Plains
29/08/2021 0:00,1.61,"10,808.80",8212.41,2577.68,18.72,42064.82,organic,2021,Plains
22/08/2021 0:00,1.66,"9,763.39",7548.59,2159.15,55.65,29941.06,organic,2021,Plains
15/08/2021 0:00,1.64,"9,810.96",7511.59,2231.59,67.79,29511.92,organic,2021,Plains
03/10/2021 0:00,1.19,"833,239.95",553337.64,278842.5,1059.8,504598.87,conventional,2021,Plains
26/09/2021 0:00,1.16,"829,561.53",542413.65,285968.8,1179.08,535861.79,conventional,2021,Plains
19/09/2021 0:00,1.12,"910,750.00",572540.73,337124.74,1084.53,509727.49,conventional,2021,Plains
12/09/2021 0:00,1.14,"899,006.03",587761.27,310143.64,1101.12,523503.1,conventional,2021,Plains
03/10/2021 0:00,1.76,"10,543.47",8304.34,2215.44,23.69,26847.68,organic,2021,Plains
26/09/2021 0:00,1.65,"9,251.45",7143.37,2094.58,13.5,34145.45,organic,2021,Plains
19/09/2021 0:00,1.72,"10,074.46",7865.66,2164.92,43.89,32263.12,organic,2021,Plains
12/09/2021 0:00,1.66,"12,615.85",10406.14,2165.62,44.08,44335.7,organic,2021,Plains
31/10/2021 0:00,1.07,"941,177.70",555898.4,383975,1304.29,513140.99,conventional,2021,Plains
24/10/2021 0:00,1.13,"837,587.41",543954.53,292123.92,1508.95,512567.97,conventional,2021,Plains
17/10/2021 0:00,1.16,"818,311.52",518954.97,297916.17,1440.38,531960.25,conventional,2021,Plains
10/10/2021 0:00,1.21,"804,362.65",541881.04,261164.43,1317.17,528227.17,conventional,2021,Plains
31/10/2021 0:00,1.75,"9,479.88",7451.4,2011.56,16.92,24675.26,organic,2021,Plains
24/10/2021 0:00,1.75,"9,882.76",7763.49,2098.95,20.31,25008.64,organic,2021,Plains
17/10/2021 0:00,1.75,"10,193.86",8263.7,1916.64,13.52,27593.57,organic,2021,Plains
10/10/2021 0:00,1.81,"10,252.74",8433.86,1801.98,16.89,23671.24,organic,2021,Plains
28/11/2021 0:00,1.19,"701,706.23",415814.37,284224.18,1667.67,432872.3,conventional,2021,Plains
21/11/2021 0:00,1.08,"871,092.75",478055.18,391435.13,1602.44,496071.38,conventional,2021,Plains
14/11/2021 0:00,1.15,"825,923.61",521965.78,302154.62,1803.21,534391.53,conventional,2021,Plains
07/11/2021 0:00,1.13,"787,915.53",515876.76,269670.84,2367.93,536892.03,conventional,2021,Plains
28/11/2021 0:00,1.85,"8,971.52",6996.6,1954.65,20.27,22089.18,organic,2021,Plains
21/11/2021 0:00,1.82,"10,863.89",8780.85,2059.45,23.59,23470.49,organic,2021,Plains
14/11/2021 0:00,1.79,"11,559.50",9237.01,2322.49,0,26608.07,organic,2021,Plains
07/11/2021 0:00,1.79,"10,602.06",8312.23,2252.61,37.22,24178.83,organic,2021,Plains
26/12/2021 0:00,1.19,"776,543.31",478238.22,296714.2,1590.89,554515.6,conventional,2021,Plains
19/12/2021 0:00,1.2,"761,629.93",454208.48,306164.61,1256.83,520637.75,conventional,2021,Plains
12/12/2021 0:00,1.07,"941,025.05",502346.05,436970.58,1708.43,519036.29,conventional,2021,Plains
05/12/2021 0:00,1.16,"826,410.63",509398.59,315495.92,1516.12,485725.31,conventional,2021,Plains
26/12/2021 0:00,1.54,"8,204.56",6505.97,1600.29,98.3,34387.71,organic,2021,Plains
19/12/2021 0:00,1.28,"8,908.83",7120.87,1724.75,63.21,54818.59,organic,2021,Plains
12/12/2021 0:00,1.22,"9,470.64",7584.7,1875.86,10.08,68092.94,organic,2021,Plains
05/12/2021 0:00,1.82,"10,753.33",8805.23,1944.72,3.38,29788.22,organic,2021,Plains
04/01/2021 0:00,0.98,"271,687.97",110538.78,151228.41,9920.78,104731.05,conventional,2021,Portland
04/01/2021 0:00,1.4,"15,737.02",2382.85,13354.17,0,5470.05,organic,2021,Portland
10/01/2021 0:00,1.02,"241,455.57",127667.59,110054.93,3733.05,96772.73,conventional,2021,Portland
10/01/2021 0:00,1.77,"11,031.62",1243.81,9787.81,0,5880.92,organic,2021,Portland
17/01/2021 0:00,0.92,"228,426.79",116674.42,106821.75,4930.61,164959.32,conventional,2021,Portland
17/01/2021 0:00,1.6,"9,498.76",1040.21,8458.55,0,5667.38,organic,2021,Portland
24/01/2021 0:00,0.95,"214,439.49",114126.12,95714.53,4598.83,90980.24,conventional,2021,Portland
24/01/2021 0:00,1.59,"8,661.99",780.98,7881.02,0,6085.6,organic,2021,Portland
31/01/2021 0:00,1.11,"177,276.02",114724.27,57555.74,4996.01,96662.56,conventional,2021,Portland
31/01/2021 0:00,1.85,"9,074.89",719.65,8355.24,0,5477.46,organic,2021,Portland
07/02/2021 0:00,0.92,"223,284.31",124627.38,93188.76,5468.16,97252.89,conventional,2021,Portland
07/02/2021 0:00,1.67,"10,337.73",608.51,9729.21,0,5181.9,organic,2021,Portland
14/02/2021 0:00,1.06,"202,259.59",108462.95,88925.76,4870.89,90118.87,conventional,2021,Portland
14/02/2021 0:00,1.67,"9,704.62",423.34,9281.26,0,5031.39,organic,2021,Portland
21/02/2021 0:00,1.08,"196,105.14",102732.44,88089.93,5282.77,88158.04,conventional,2021,Portland
21/02/2021 0:00,1.8,"7,442.53",721.68,6719.51,1.34,4680.89,organic,2021,Portland
28/02/2021 0:00,1.01,"208,807.81",113427.29,90390.11,4990.42,91276.04,conventional,2021,Portland
28/02/2021 0:00,1.77,"10,537.34",614.71,9922.62,0,5195.34,organic,2021,Portland
07/03/2021 0:00,1.09,"210,828.58",108090.79,96017.41,6720.38,100382.65,conventional,2021,Portland
07/03/2021 0:00,1.98,"8,087.38",440.49,7646.89,0,5186,organic,2021,Portland
14/03/2021 0:00,1,"220,146.65",120195.26,95402.75,4548.65,101993.12,conventional,2021,Portland
14/03/2021 0:00,2.06,"6,688.08",577.83,6110.25,0,5440.06,organic,2021,Portland
21/03/2021 0:00,1.16,"189,623.06",98557.48,86084.29,4981.29,93958.72,conventional,2021,Portland
21/03/2021 0:00,1.88,"9,741.34",611.18,9130.16,0,5218.03,organic,2021,Portland
28/03/2021 0:00,1.26,"192,406.54",98533.95,88761.48,5111.11,95762.99,conventional,2021,Portland
28/03/2021 0:00,2.01,"9,831.24",367.56,9463.69,0,7076.81,organic,2021,Portland
04/04/2021 0:00,1.42,"182,804.06",115447.64,62276.78,5079.65,117999.44,conventional,2021,Portland
04/04/2021 0:00,2.34,"7,465.05",243.48,7221.57,0,7493.58,organic,2021,Portland
11/04/2021 0:00,1.4,"164,884.53",118913.68,41059.04,4911.81,106519.85,conventional,2021,Portland
11/04/2021 0:00,2.42,"6,026.12",368.22,5657.89,0,6598.34,organic,2021,Portland
18/04/2021 0:00,1.46,"162,221.34",112982.42,43965.15,5273.76,117379.33,conventional,2021,Portland
18/04/2021 0:00,2.42,"6,299.10",308.56,5990.54,0,7329.36,organic,2021,Portland
25/04/2021 0:00,1.42,"158,316.24",111761.95,41724.32,4829.96,116787.74,conventional,2021,Portland
25/04/2021 0:00,2.43,"7,821.96",156.49,7665.47,0,6624.81,organic,2021,Portland
02/05/2021 0:00,1.14,"192,053.30",138986.51,47699.41,5367.38,103462.76,conventional,2021,Portland
02/05/2021 0:00,2,"9,360.59",166.91,9191.03,2.65,5916.02,organic,2021,Portland
09/05/2021 0:00,1.28,"208,944.51",136305.27,67373.32,5265.92,107259.77,conventional,2021,Portland
09/05/2021 0:00,2.04,"13,408.05",347.06,13060.99,0,6272.57,organic,2021,Portland
16/05/2021 0:00,1.13,"192,317.30",134963.49,53071.97,4281.84,87244.5,conventional,2021,Portland
16/05/2021 0:00,2.3,"7,116.32",77.23,7039.09,0,6071.25,organic,2021,Portland
13/06/2021 0:00,1.27,"191,616.13",116500.26,70201.51,4914.36,79403.01,conventional,2021,Portland
06/06/2021 0:00,1.27,"197,553.20",125994.11,66419.8,5139.29,84303.86,conventional,2021,Portland
30/05/2021 0:00,1.36,"186,209.40",118375.1,62791.67,5042.63,102596.63,conventional,2021,Portland
23/05/2021 0:00,1.28,"179,902.93",121917,50434.29,7551.63,86948.67,conventional,2021,Portland
13/06/2021 0:00,2.26,"4,604.50",66.81,4537.69,0,5768.98,organic,2021,Portland
06/06/2021 0:00,2.25,"4,948.58",37.61,4910.97,0,6192.68,organic,2021,Portland
30/05/2021 0:00,2.27,"4,977.37",68.48,4908.9,0,5588.6,organic,2021,Portland
23/05/2021 0:00,2.21,"5,018.89",90.45,4928.43,0,6950.9,organic,2021,Portland
11/07/2021 0:00,1.07,"239,527.69",172283.14,62837.06,4407.49,94394.85,conventional,2021,Portland
04/07/2021 0:00,1.15,"222,932.88",124366.59,91399.5,7166.78,106418.16,conventional,2021,Portland
27/06/2021 0:00,1.12,"244,713.68",153441.45,86035.44,5236.78,104982.8,conventional,2021,Portland
20/06/2021 0:00,1.25,"203,898.94",126516.1,72583.88,4798.96,100169.08,conventional,2021,Portland
11/07/2021 0:00,2.07,0.01,0,0,0,5597.12,organic,2021,Portland
04/07/2021 0:00,2.26, -   ,0,0,0,5444.98,organic,2021,Portland
27/06/2021 0:00,2.24,0.01,0,0,0,5430.86,organic,2021,Portland
20/06/2021 0:00,2.2, -   ,0,0,0,6249.1,organic,2021,Portland
08/08/2021 0:00,1.09,"217,099.29",116690.95,95389.14,5019.19,96045.34,conventional,2021,Portland
01/08/2021 0:00,1.16,"191,921.63",93469.09,92358.93,6093.61,108576.02,conventional,2021,Portland
25/07/2021 0:00,1.21,"213,743.75",110071.25,98239.97,5432.53,100911.88,conventional,2021,Portland
18/07/2021 0:00,1.25,"198,085.33",137373.43,55234.79,5477.11,105012.44,conventional,2021,Portland
08/08/2021 0:00,2.16,"4,910.33",29.3,4881.03,0,5238.89,organic,2021,Portland
01/08/2021 0:00,2.14,"4,582.34",26.64,4555.71,0,5207.98,organic,2021,Portland
25/07/2021 0:00,1.98,"4,026.46",32.16,3994.31,0,5192.29,organic,2021,Portland
18/07/2021 0:00,2.06,"4,957.82",36.31,4921.51,0,5511.75,organic,2021,Portland
05/09/2021 0:00,1.14,"217,929.31",103775.89,110212.28,3941.13,104086.35,conventional,2021,Portland
29/08/2021 0:00,1.13,"208,873.10",96625.14,108526.75,3721.21,95297.39,conventional,2021,Portland
22/08/2021 0:00,1.33,"173,048.70",101152.95,67192.67,4703.08,105181.61,conventional,2021,Portland
15/08/2021 0:00,1.15,"213,978.42",115158.76,94057.2,4762.47,95656.62,conventional,2021,Portland
05/09/2021 0:00,2.08,"5,662.51",20.93,5641.59,0,3837.2,organic,2021,Portland
29/08/2021 0:00,2.03,"5,991.88",29.09,5960.14,2.66,4086.41,organic,2021,Portland
22/08/2021 0:00,2.27,"4,943.80",21.33,4922.47,0,4674.8,organic,2021,Portland
15/08/2021 0:00,2.15,"4,979.35",146.53,4832.82,0,4114.18,organic,2021,Portland
03/10/2021 0:00,1.24,"184,285.12",137594.37,42486.07,4204.69,118157.99,conventional,2021,Portland
26/09/2021 0:00,1.27,"187,194.02",131813.37,51236.73,4143.93,136714.17,conventional,2021,Portland
19/09/2021 0:00,1.23,"161,431.95",111718.25,46111.34,3602.35,107220.06,conventional,2021,Portland
12/09/2021 0:00,1.31,"159,084.64",107354.84,47512.67,4217.13,119042.29,conventional,2021,Portland
03/10/2021 0:00,2.38,"4,996.38",12.17,4984.2,0,4008.64,organic,2021,Portland
26/09/2021 0:00,2.37,"5,197.57",45.29,5152.27,0,3781.94,organic,2021,Portland
19/09/2021 0:00,2.56,"4,942.11",18.64,4923.48,0,3508.46,organic,2021,Portland
12/09/2021 0:00,2.35,"4,758.84",18.27,4740.58,0,4077.42,organic,2021,Portland
31/10/2021 0:00,1.22,"161,341.50",121714.72,35740.22,3886.56,95865.95,conventional,2021,Portland
24/10/2021 0:00,1.34,"169,194.75",130361.94,34869.83,3962.98,98636.14,conventional,2021,Portland
17/10/2021 0:00,1.3,"166,197.23",126587.23,35475.81,4134.2,97467.48,conventional,2021,Portland
10/10/2021 0:00,1.23,"158,735.81",116015.49,38689.44,4030.88,95613.05,conventional,2021,Portland
31/10/2021 0:00,2.48,"6,246.44",22.65,6221.13,2.66,3805.36,organic,2021,Portland
24/10/2021 0:00,2.34,"5,570.58",79.96,5487.95,2.67,3553.88,organic,2021,Portland
17/10/2021 0:00,2.32,"5,904.16",55.98,5848.18,0,3957.54,organic,2021,Portland
10/10/2021 0:00,2.61,"5,529.77",30.67,5497.77,1.33,3267.88,organic,2021,Portland
28/11/2021 0:00,1.28,"98,598.41",75178.26,20050.61,3369.54,88741.03,conventional,2021,Portland
21/11/2021 0:00,1.19,"152,742.65",85568.88,63197.66,3976.11,123934.2,conventional,2021,Portland
14/11/2021 0:00,1.13,"208,617.57",105865.69,98490.27,4261.61,106417.79,conventional,2021,Portland
07/11/2021 0:00,1.26,"163,056.01",123302.08,35641.87,4112.05,167184.71,conventional,2021,Portland
28/11/2021 0:00,2.5,"4,787.18",48.14,4739.05,0,3240.17,organic,2021,Portland
21/11/2021 0:00,2.35,"4,394.83",39.86,4354.97,0,3745.96,organic,2021,Portland
14/11/2021 0:00,2.28,"4,600.30",21.55,4578.75,0,4042.84,organic,2021,Portland
07/11/2021 0:00,2.51,"5,007.53",33.42,4974.1,0,4324.14,organic,2021,Portland
26/12/2021 0:00,1.4,"119,583.88",80064.23,35125.88,4393.77,108730.85,conventional,2021,Portland
19/12/2021 0:00,1.36,"120,390.50",85974.38,30256.61,4159.5,104376.47,conventional,2021,Portland
12/12/2021 0:00,1.27,"156,735.04",121928.66,30987.43,3818.95,95302.1,conventional,2021,Portland
05/12/2021 0:00,1.21,"165,218.42",132062.23,29304.61,3851.59,98873.41,conventional,2021,Portland
26/12/2021 0:00,2.58,"3,954.05",10.28,3943.77,0,3933.56,organic,2021,Portland
19/12/2021 0:00,2.57,"4,335.01",16.98,4318.03,0,3702.56,organic,2021,Portland
12/12/2021 0:00,2.21,"5,062.37",28.05,5032.98,1.34,3521.7,organic,2021,Portland
05/12/2021 0:00,1.84,"6,380.43",50.01,6330.43,0,3994.33,organic,2021,Portland
04/01/2021 0:00,1.37,"48,358.41",2515.17,45827.29,15.95,17220.26,conventional,2021,Providence
04/01/2021 0:00,1.93,13.47,8.27,5.2,0,3471.42,organic,2021,Providence
10/01/2021 0:00,1.38,"56,728.29",3129.09,53566.82,32.38,18366.74,conventional,2021,Providence
10/01/2021 0:00,1.96,72.58,64.78,7.8,0,4047.23,organic,2021,Providence
17/01/2021 0:00,1.3,"60,799.51",3250.59,57517.61,31.31,32706.14,conventional,2021,Providence
17/01/2021 0:00,1.96,32.94,22.53,10.41,0,4371.03,organic,2021,Providence
24/01/2021 0:00,1.46,"58,343.43",2990.91,55329.6,22.93,21510.77,conventional,2021,Providence
24/01/2021 0:00,1.69,16.91,10.41,6.5,0,6952.04,organic,2021,Providence
31/01/2021 0:00,1.47,"61,712.67",2983.73,58720.43,8.5,19301.91,conventional,2021,Providence
31/01/2021 0:00,1.91,31.09,19.39,11.71,0,5124.31,organic,2021,Providence
07/02/2021 0:00,1.35,"66,296.26",3479.58,62796.36,20.33,19900.8,conventional,2021,Providence
07/02/2021 0:00,1.61,37.84,11.72,26.13,0,7120.05,organic,2021,Providence
14/02/2021 0:00,1.23,"73,465.12",3584.83,69836.58,43.71,17451.62,conventional,2021,Providence
14/02/2021 0:00,1.7,18.75,3.9,14.85,0,5599.45,organic,2021,Providence
21/02/2021 0:00,1.38,"62,436.43",3115.59,59285.16,35.68,16828.74,conventional,2021,Providence
21/02/2021 0:00,1.68,17.73,12.53,5.2,0,5349.65,organic,2021,Providence
28/02/2021 0:00,1.46,"60,056.88",2626.78,57413.08,17.01,18593.88,conventional,2021,Providence
28/02/2021 0:00,1.61,48.63,28.87,19.76,0,6520.58,organic,2021,Providence
07/03/2021 0:00,1.4,"65,321.43",3508.31,61791.62,21.51,19918.41,conventional,2021,Providence
07/03/2021 0:00,1.92,30.94,7.46,23.47,0,5349.26,organic,2021,Providence
14/03/2021 0:00,1.37,"63,525.37",3029.24,60465.77,30.36,18974.13,conventional,2021,Providence
14/03/2021 0:00,1.9,40.31,5.2,35.11,0,5086.39,organic,2021,Providence
21/03/2021 0:00,1.5,"62,035.47",2822.34,59140.01,73.13,20572.39,conventional,2021,Providence
21/03/2021 0:00,1.92,28.83,10.63,18.2,0,5110.9,organic,2021,Providence
28/03/2021 0:00,1.37,"65,235.25",3628.29,61547.56,59.4,25656.17,conventional,2021,Providence
28/03/2021 0:00,1.97,14.52,8.03,6.49,0,4088.48,organic,2021,Providence
04/04/2021 0:00,1.51,"67,081.46",3340.41,63709.76,31.29,24369.63,conventional,2021,Providence
04/04/2021 0:00,2.05,19.47,10.4,9.07,0,4486.03,organic,2021,Providence
11/04/2021 0:00,1.54,"63,862.52",2998.79,60814.89,48.84,21227.15,conventional,2021,Providence
11/04/2021 0:00,2.05,30.92,10.24,20.68,0,4556.48,organic,2021,Providence
18/04/2021 0:00,1.59,"64,869.00",2792.17,62004.76,72.07,18305.46,conventional,2021,Providence
18/04/2021 0:00,1.99,52.47,11.34,41.13,0,4836.62,organic,2021,Providence
25/04/2021 0:00,1.52,"64,599.73",2922.8,61650.9,26.02,23210.54,conventional,2021,Providence
25/04/2021 0:00,2.09,44.05,5.41,38.63,0,4572.74,organic,2021,Providence
02/05/2021 0:00,1.63,"63,329.68",2209.87,61080.12,39.69,17044.3,conventional,2021,Providence
02/05/2021 0:00,2.08,39.55,6.01,33.53,0,5059.07,organic,2021,Providence
09/05/2021 0:00,1.46,"75,965.82",3469.04,72423.51,73.27,15195.1,conventional,2021,Providence
09/05/2021 0:00,2.14,29.21,6.1,23.12,0,4903.45,organic,2021,Providence
16/05/2021 0:00,1.56,"63,418.18",2679.81,60682.41,55.96,16262.52,conventional,2021,Providence
16/05/2021 0:00,2.1,14.91,4.59,10.32,0,4403,organic,2021,Providence
13/06/2021 0:00,1.56,"66,642.45",2768.67,63854.88,18.9,17416.19,conventional,2021,Providence
06/06/2021 0:00,1.51,"72,444.66",3370.46,69024.16,50.03,17911.5,conventional,2021,Providence
30/05/2021 0:00,1.58,"68,603.24",2706.41,65869.58,27.24,19149,conventional,2021,Providence
23/05/2021 0:00,1.38,"65,641.29",2866.69,62756.13,18.48,22188.97,conventional,2021,Providence
13/06/2021 0:00,2.11,63.97,34.82,29.15,0,4486.75,organic,2021,Providence
06/06/2021 0:00,2.14,70.78,54.73,16.04,0,4462.67,organic,2021,Providence
30/05/2021 0:00,2.14,61.05,38.34,22.7,0,4405.76,organic,2021,Providence
23/05/2021 0:00,2.11,24.68,9.2,15.49,0,4345.42,organic,2021,Providence
11/07/2021 0:00,1.52,"71,264.93",3787.17,67449.98,27.79,22799.37,conventional,2021,Providence
04/07/2021 0:00,1.6,"72,525.72",4010.27,68498.26,17.2,14592.7,conventional,2021,Providence
27/06/2021 0:00,1.61,"67,840.21",3757.57,64055.37,27.28,14429.93,conventional,2021,Providence
20/06/2021 0:00,1.63,"69,627.65",3420.23,66190.76,16.66,13549.54,conventional,2021,Providence
11/07/2021 0:00,2.29,0,0,0,0,3866.98,organic,2021,Providence
04/07/2021 0:00,2.25,0,0,0,0,3307.57,organic,2021,Providence
27/06/2021 0:00,2.27,0,0,0,0,3810.31,organic,2021,Providence
20/06/2021 0:00,2.11,0,0,0,0,3998.3,organic,2021,Providence
08/08/2021 0:00,1.56,"67,093.99",3091.85,63998.54,3.59,17692.81,conventional,2021,Providence
01/08/2021 0:00,1.54,"63,278.29",2714.72,60527.48,36.09,19107.68,conventional,2021,Providence
25/07/2021 0:00,1.55,"68,396.55",3184.93,65184.79,26.84,18401.55,conventional,2021,Providence
18/07/2021 0:00,1.55,"65,438.25",3168.4,62233.93,35.92,18601.14,conventional,2021,Providence
08/08/2021 0:00,2.14,48.84,7.84,40.99,0,4271.21,organic,2021,Providence
01/08/2021 0:00,2.11,55.49,22.46,33.03,0,4486.3,organic,2021,Providence
25/07/2021 0:00,2.17,63.53,19.85,43.68,0,4348.07,organic,2021,Providence
18/07/2021 0:00,2.2,71.74,61.25,10.5,0,4313.56,organic,2021,Providence
05/09/2021 0:00,1.48,"51,826.67",3080.53,48740.45,5.67,17443.09,conventional,2021,Providence
29/08/2021 0:00,1.33,"54,160.28",2925.11,51225.33,9.83,20886.42,conventional,2021,Providence
22/08/2021 0:00,1.53,"63,883.40",2198.46,61670.21,14.73,19637.3,conventional,2021,Providence
15/08/2021 0:00,1.56,"62,398.62",2853.81,59535.93,8.88,16244.82,conventional,2021,Providence
05/09/2021 0:00,1.84,51.38,42.16,9.22,0,5399.96,organic,2021,Providence
29/08/2021 0:00,1.85,171.93,163.74,8.19,0,5685.15,organic,2021,Providence
22/08/2021 0:00,1.81,81.23,52.17,29.06,0,5788.06,organic,2021,Providence
15/08/2021 0:00,1.76,29.04,5.28,23.76,0,5785.84,organic,2021,Providence
03/10/2021 0:00,1.58,"53,398.54",18711.22,34678.45,8.88,13864.51,conventional,2021,Providence
26/09/2021 0:00,1.61,"48,883.04",16574.61,32299.38,9.05,13701.41,conventional,2021,Providence
19/09/2021 0:00,1.58,"48,321.35",13014.13,35303.44,3.78,14210.85,conventional,2021,Providence
12/09/2021 0:00,1.51,"44,620.41",3927.81,40674.27,18.33,16297,conventional,2021,Providence
03/10/2021 0:00,1.77,38.21,30.3,7.91,0,4413.13,organic,2021,Providence
26/09/2021 0:00,1.79,30.3,22.39,7.9,0,4522.76,organic,2021,Providence
19/09/2021 0:00,1.81,43.48,36.9,6.59,0,5899.6,organic,2021,Providence
12/09/2021 0:00,1.74,58.05,32.98,25.07,0,6386.65,organic,2021,Providence
31/10/2021 0:00,1.57,"48,664.12",19476.5,29137.87,49.74,13274.57,conventional,2021,Providence
24/10/2021 0:00,1.62,"52,370.49",23518.96,28816.11,35.42,12908.89,conventional,2021,Providence
17/10/2021 0:00,1.59,"49,892.05",21716.63,28159.31,16.11,15031.42,conventional,2021,Providence
10/10/2021 0:00,1.62,"55,165.30",21487.97,33656.55,20.79,14054.54,conventional,2021,Providence
31/10/2021 0:00,1.83,35.73,30.41,5.33,0,4201.13,organic,2021,Providence
24/10/2021 0:00,1.87,44.83,28.87,15.96,0,4398.83,organic,2021,Providence
17/10/2021 0:00,1.87,46.86,36.19,10.66,0,4155.73,organic,2021,Providence
10/10/2021 0:00,1.77,30.6,15.96,14.63,0,4427.76,organic,2021,Providence
28/11/2021 0:00,1.57,"40,664.61",4004.33,36641.5,18.79,11601.68,conventional,2021,Providence
21/11/2021 0:00,1.53,"45,284.60",4722.12,40531.48,31,15239.86,conventional,2021,Providence
14/11/2021 0:00,1.35,"48,823.76",5988.46,42750.53,84.77,34752.07,conventional,2021,Providence
07/11/2021 0:00,1.56,"46,794.05",7384.01,39358.41,51.62,15118.64,conventional,2021,Providence
28/11/2021 0:00,1.92,42.1,35.46,6.64,0,3421.18,organic,2021,Providence
21/11/2021 0:00,1.81,52.2,38.41,13.79,0,4271.78,organic,2021,Providence
14/11/2021 0:00,1.89,82.84,23.65,59.19,0,4171.08,organic,2021,Providence
07/11/2021 0:00,1.8,81.06,63.98,17.08,0,5048.12,organic,2021,Providence
26/12/2021 0:00,1.61,"51,937.53",5208.96,46715.34,13.23,13215.82,conventional,2021,Providence
19/12/2021 0:00,1.56,"47,467.25",3917.3,43523.49,26.46,14069.58,conventional,2021,Providence
12/12/2021 0:00,1.57,"48,311.05",4352.08,43916.44,42.52,13739.62,conventional,2021,Providence
05/12/2021 0:00,1.56,"46,802.99",4436.95,42305.15,60.89,13960.94,conventional,2021,Providence
26/12/2021 0:00,1.91,46.1,2.31,43.79,0,3670.07,organic,2021,Providence
19/12/2021 0:00,1.85,16.38,10.92,5.46,0,3512.84,organic,2021,Providence
12/12/2021 0:00,1.83,11.53,4.73,6.8,0,4014,organic,2021,Providence
05/12/2021 0:00,1.84,6.37,0.94,5.43,0,3510.76,organic,2021,Providence
04/01/2021 0:00,0.94,"282,819.04",197659.02,80901.95,4258.07,182094.41,conventional,2021,Raleigh/Greensboro
04/01/2021 0:00,1.34,"3,952.18",739.94,3156.93,55.31,9347.26,organic,2021,Raleigh/Greensboro
10/01/2021 0:00,0.91,"274,246.14",202887.77,67624.19,3734.18,192366.15,conventional,2021,Raleigh/Greensboro
10/01/2021 0:00,1.46,"4,104.15",841.96,3179.79,82.39,10747.81,organic,2021,Raleigh/Greensboro
17/01/2021 0:00,1,"255,525.56",180347.42,71211.68,3966.46,170708.3,conventional,2021,Raleigh/Greensboro
17/01/2021 0:00,1.47,"4,053.08",735.75,3247.92,69.4,10255.57,organic,2021,Raleigh/Greensboro
24/01/2021 0:00,0.95,"288,314.97",209851.97,72889.74,5573.26,157318.25,conventional,2021,Raleigh/Greensboro
24/01/2021 0:00,1.4,"3,997.29",672.57,3273.78,50.95,10950.21,organic,2021,Raleigh/Greensboro
31/01/2021 0:00,1.01,"291,560.41",213323.06,73547.96,4689.39,163362.18,conventional,2021,Raleigh/Greensboro
31/01/2021 0:00,1.42,"4,321.80",727.68,3496.51,97.61,9011.55,organic,2021,Raleigh/Greensboro
07/02/2021 0:00,0.82,"389,715.69",293473.54,92198.82,4043.33,236921.65,conventional,2021,Raleigh/Greensboro
07/02/2021 0:00,1.35,"4,068.70",542.56,3483.83,42.3,8809.92,organic,2021,Raleigh/Greensboro
14/02/2021 0:00,1.02,"261,721.11",197454.26,60156.54,4110.31,156507.92,conventional,2021,Raleigh/Greensboro
14/02/2021 0:00,1.42,"4,291.84",737,3492.99,61.85,10082.55,organic,2021,Raleigh/Greensboro
21/02/2021 0:00,1.06,"273,538.97",198907.62,70545.39,4085.96,156069.98,conventional,2021,Raleigh/Greensboro
21/02/2021 0:00,1.43,"4,130.61",587.2,3504.38,39.03,13085.62,organic,2021,Raleigh/Greensboro
28/02/2021 0:00,1.02,"283,644.54",207270.78,71941.01,4432.74,156145.06,conventional,2021,Raleigh/Greensboro
28/02/2021 0:00,1.41,"4,118.69",590.21,3467.71,60.76,11704.49,organic,2021,Raleigh/Greensboro
07/03/2021 0:00,0.96,"272,552.17",201123.11,68152.59,3276.47,235266.61,conventional,2021,Raleigh/Greensboro
07/03/2021 0:00,1.4,"3,822.20",591.65,3165.55,64.99,12041.87,organic,2021,Raleigh/Greensboro
14/03/2021 0:00,0.95,"320,944.04",240001.32,77256.32,3686.4,174179.3,conventional,2021,Raleigh/Greensboro
14/03/2021 0:00,1.36,"4,001.36",652.49,3313.07,35.79,11190.76,organic,2021,Raleigh/Greensboro
21/03/2021 0:00,1.09,"293,473.54",214132.43,75718.16,3622.96,163602.72,conventional,2021,Raleigh/Greensboro
21/03/2021 0:00,1.44,"4,464.38",720.63,3700.38,43.37,12570.06,organic,2021,Raleigh/Greensboro
28/03/2021 0:00,1.01,"273,116.07",203023.83,67225.8,2866.43,205291.03,conventional,2021,Raleigh/Greensboro
28/03/2021 0:00,1.59,"3,707.55",723.88,2945.06,38.62,15173.48,organic,2021,Raleigh/Greensboro
04/04/2021 0:00,1.16,"268,452.85",198364.87,67662.34,2425.63,164054.75,conventional,2021,Raleigh/Greensboro
04/04/2021 0:00,1.66,"3,768.20",597.81,3092.64,77.76,19799.73,organic,2021,Raleigh/Greensboro
11/04/2021 0:00,1.14,"271,589.26",192204.26,76589.64,2795.36,177668.18,conventional,2021,Raleigh/Greensboro
11/04/2021 0:00,1.65,"3,579.38",530.61,2987.3,61.47,22004.85,organic,2021,Raleigh/Greensboro
18/04/2021 0:00,1.08,"287,001.85",212288.95,72091.27,2621.63,175729.47,conventional,2021,Raleigh/Greensboro
18/04/2021 0:00,1.63,"4,566.14",831.19,3632.28,102.67,24192.45,organic,2021,Raleigh/Greensboro
25/04/2021 0:00,1.2,"262,031.47",189535.74,70000.01,2495.72,167306.79,conventional,2021,Raleigh/Greensboro
25/04/2021 0:00,1.65,"4,349.98",753.83,3542.12,54.03,23830.94,organic,2021,Raleigh/Greensboro
02/05/2021 0:00,0.92,"373,375.95",253115.58,115378.62,4881.75,152584.47,conventional,2021,Raleigh/Greensboro
02/05/2021 0:00,1.61,"3,423.12",576.89,2814.89,31.34,23373.39,organic,2021,Raleigh/Greensboro
09/05/2021 0:00,1.15,"274,299.72",198744.39,72606.16,2949.18,156236.19,conventional,2021,Raleigh/Greensboro
09/05/2021 0:00,1.61,"3,706.58",587.85,3088.45,30.28,21966.89,organic,2021,Raleigh/Greensboro
16/05/2021 0:00,1.2,"249,184.82",180165.07,66157.35,2862.4,162936.7,conventional,2021,Raleigh/Greensboro
16/05/2021 0:00,1.63,"3,632.11",450.17,3154.91,27.03,20525.33,organic,2021,Raleigh/Greensboro
13/06/2021 0:00,1.16,"269,111.20",187638.29,78608.22,2864.68,148652.4,conventional,2021,Raleigh/Greensboro
06/06/2021 0:00,1.21,"249,668.79",173762.05,73650.58,2256.16,158570.84,conventional,2021,Raleigh/Greensboro
30/05/2021 0:00,1.22,"258,328.13",179989.57,76104.55,2234,161449.45,conventional,2021,Raleigh/Greensboro
23/05/2021 0:00,1.18,"257,705.58",186743.37,68307.25,2654.95,159485.37,conventional,2021,Raleigh/Greensboro
13/06/2021 0:00,1.63,"3,408.39",400.97,2983.69,23.72,23090.72,organic,2021,Raleigh/Greensboro
06/06/2021 0:00,1.61,"3,525.05",375.17,3128.28,21.6,24403.85,organic,2021,Raleigh/Greensboro
30/05/2021 0:00,1.62,"3,326.51",420.29,2897.58,8.64,23746.65,organic,2021,Raleigh/Greensboro
23/05/2021 0:00,1.62,"3,474.84",344.74,3107.39,22.71,21998.76,organic,2021,Raleigh/Greensboro
11/07/2021 0:00,1.14,"251,404.63",181757.09,67547.17,2100.37,151725.72,conventional,2021,Raleigh/Greensboro
04/07/2021 0:00,1.18,"267,789.07",188879.48,76960.39,1949.19,150138.25,conventional,2021,Raleigh/Greensboro
27/06/2021 0:00,1.2,"246,298.23",174219.55,70094.9,1983.78,143897.45,conventional,2021,Raleigh/Greensboro
20/06/2021 0:00,1.24,"227,153.40",153894.14,71130.82,2128.44,137029.02,conventional,2021,Raleigh/Greensboro
11/07/2021 0:00,1.51,0.01,0,0,0,14856.68,organic,2021,Raleigh/Greensboro
04/07/2021 0:00,1.53, -   ,0,0,0,14398.12,organic,2021,Raleigh/Greensboro
27/06/2021 0:00,1.5, -   ,0,0,0,13861,organic,2021,Raleigh/Greensboro
20/06/2021 0:00,1.46, -   ,0,0,0,20552.61,organic,2021,Raleigh/Greensboro
08/08/2021 0:00,1.23,"216,331.04",138011.37,76116.14,2203.52,125027.99,conventional,2021,Raleigh/Greensboro
01/08/2021 0:00,1.06,"222,062.03",147704.69,72304.43,2052.91,185454.49,conventional,2021,Raleigh/Greensboro
25/07/2021 0:00,1.16,"226,388.57",156851.57,67450.82,2086.18,146739.06,conventional,2021,Raleigh/Greensboro
18/07/2021 0:00,1.13,"237,777.64",169983.62,65635.77,2158.24,160404.96,conventional,2021,Raleigh/Greensboro
08/08/2021 0:00,1.58,"3,305.52",379.78,2911.68,14.07,21393.79,organic,2021,Raleigh/Greensboro
01/08/2021 0:00,1.62,"3,050.89",398.85,2641.21,10.82,17237.08,organic,2021,Raleigh/Greensboro
25/07/2021 0:00,1.71,"3,255.08",307.81,2927.8,19.48,14678.54,organic,2021,Raleigh/Greensboro
18/07/2021 0:00,1.63,"3,355.42",297.7,3037.16,20.55,18283.92,organic,2021,Raleigh/Greensboro
05/09/2021 0:00,1.01,"172,097.19",131511.83,38081.2,2504.16,157455.37,conventional,2021,Raleigh/Greensboro
29/08/2021 0:00,1.14,"222,099.78",137149.13,82498.1,2452.56,165026.82,conventional,2021,Raleigh/Greensboro
22/08/2021 0:00,1.01,"217,662.04",129358.65,85679.41,2623.98,245319.67,conventional,2021,Raleigh/Greensboro
15/08/2021 0:00,1.15,"213,019.49",141715.39,68800.32,2503.79,171015.67,conventional,2021,Raleigh/Greensboro
05/09/2021 0:00,1.58,"3,305.23",396.54,2891.41,17.29,10110.83,organic,2021,Raleigh/Greensboro
29/08/2021 0:00,1.59,"3,720.18",548.94,3157.18,14.05,15616.65,organic,2021,Raleigh/Greensboro
22/08/2021 0:00,1.64,"3,400.12",424.54,2958.29,17.31,25742.03,organic,2021,Raleigh/Greensboro
15/08/2021 0:00,1.66,"3,447.86",372.15,3061.65,14.06,22349.23,organic,2021,Raleigh/Greensboro
03/10/2021 0:00,1.28,"212,335.69",143160.83,66615.83,2559.04,146506.91,conventional,2021,Raleigh/Greensboro
26/09/2021 0:00,1.18,"234,326.69",159678.75,72383.42,2264.53,133144.49,conventional,2021,Raleigh/Greensboro
19/09/2021 0:00,1.3,"207,595.00",135201.21,69539.69,2854.1,134661.23,conventional,2021,Raleigh/Greensboro
12/09/2021 0:00,1.26,"215,704.29",135671.84,77519.35,2513.09,141278.94,conventional,2021,Raleigh/Greensboro
03/10/2021 0:00,1.65,"5,028.61",440.46,4575.2,12.94,15264.75,organic,2021,Raleigh/Greensboro
26/09/2021 0:00,1.44,"4,941.20",475.88,4443.73,21.58,18329.95,organic,2021,Raleigh/Greensboro
19/09/2021 0:00,1.52,"5,047.91",426.51,4596.57,24.83,13412.98,organic,2021,Raleigh/Greensboro
12/09/2021 0:00,1.53,"4,831.09",492.02,4312.07,27,9203.97,organic,2021,Raleigh/Greensboro
31/10/2021 0:00,1.29,"181,331.04",119727,58121.53,3482.51,141924.04,conventional,2021,Raleigh/Greensboro
24/10/2021 0:00,1.3,"195,887.83",130249.22,62971.09,2667.53,136490.82,conventional,2021,Raleigh/Greensboro
17/10/2021 0:00,1.31,"194,648.28",125762.75,65803.2,3082.33,143990.52,conventional,2021,Raleigh/Greensboro
10/10/2021 0:00,1.3,"193,108.55",124646.21,65536.43,2925.91,141664.05,conventional,2021,Raleigh/Greensboro
31/10/2021 0:00,1.7,"3,413.58",348.96,3040.88,23.74,17797.76,organic,2021,Raleigh/Greensboro
24/10/2021 0:00,1.65,"3,982.82",416.03,3539.79,26.99,22283.39,organic,2021,Raleigh/Greensboro
17/10/2021 0:00,1.72,"4,294.07",388.43,3877.56,28.08,18491.7,organic,2021,Raleigh/Greensboro
10/10/2021 0:00,1.7,"4,161.35",433.32,3702.09,25.93,20883.44,organic,2021,Raleigh/Greensboro
28/11/2021 0:00,1.29,"161,061.06",113407.94,45570.84,2082.29,119258.45,conventional,2021,Raleigh/Greensboro
21/11/2021 0:00,1.28,"172,329.57",115280.5,54136.86,2912.21,128630.02,conventional,2021,Raleigh/Greensboro
14/11/2021 0:00,1.23,"197,815.86",135369.49,58885.18,3561.19,129388.75,conventional,2021,Raleigh/Greensboro
07/11/2021 0:00,1.28,"183,657.24",121480.84,58709.56,3466.84,133609.03,conventional,2021,Raleigh/Greensboro
28/11/2021 0:00,1.68,"2,750.39",245.28,2490,15.11,16307.47,organic,2021,Raleigh/Greensboro
21/11/2021 0:00,1.67,"2,710.65",321.21,2377.57,11.87,17837.3,organic,2021,Raleigh/Greensboro
14/11/2021 0:00,1.67,"3,179.85",288.91,2863.95,26.99,19186.28,organic,2021,Raleigh/Greensboro
07/11/2021 0:00,1.7,"3,384.54",382.91,2996.24,5.4,18400.93,organic,2021,Raleigh/Greensboro
26/12/2021 0:00,1.23,"163,811.26",107789.9,53843.16,2178.2,146828.47,conventional,2021,Raleigh/Greensboro
19/12/2021 0:00,1.22,"177,842.64",119711.78,55644.03,2486.84,136553.29,conventional,2021,Raleigh/Greensboro
12/12/2021 0:00,1.19,"175,209.07",120536.25,51831.9,2840.92,149356.74,conventional,2021,Raleigh/Greensboro
05/12/2021 0:00,1.17,"180,590.31",124729.17,52053.48,3807.66,168548.47,conventional,2021,Raleigh/Greensboro
26/12/2021 0:00,1.65,"2,639.10",273.35,2345.25,20.5,19807.07,organic,2021,Raleigh/Greensboro
19/12/2021 0:00,1.64,"2,593.31",324.86,2245.78,22.66,19669.29,organic,2021,Raleigh/Greensboro
12/12/2021 0:00,1.66,"2,781.15",370.32,2390.32,20.51,19513.27,organic,2021,Raleigh/Greensboro
05/12/2021 0:00,1.67,"2,700.60",366.2,2316.04,18.36,18148.58,organic,2021,Raleigh/Greensboro
04/01/2021 0:00,0.92,"175,491.39",103356.09,71228.13,907.17,81838.06,conventional,2021,Richmond/Norfolk
04/01/2021 0:00,0.99,"1,583.52",11.64,1569.69,2.19,23755.94,organic,2021,Richmond/Norfolk
10/01/2021 0:00,0.92,"177,461.01",103659.16,73103.41,698.44,85040.35,conventional,2021,Richmond/Norfolk
10/01/2021 0:00,1.05,"1,513.33",11.79,1497.18,4.38,22651.76,organic,2021,Richmond/Norfolk
17/01/2021 0:00,1.02,"155,658.56",86382.91,68507.28,768.37,89373.05,conventional,2021,Richmond/Norfolk
17/01/2021 0:00,1.12,"1,578.08",38.55,1537.34,2.19,22788.84,organic,2021,Richmond/Norfolk
24/01/2021 0:00,0.91,"193,558.53",110102.36,82355.89,1100.28,82066.16,conventional,2021,Richmond/Norfolk
24/01/2021 0:00,1.05,"1,535.33",23.13,1512.21,0,23675.03,organic,2021,Richmond/Norfolk
31/01/2021 0:00,0.98,"179,866.67",101234.2,77675.49,956.97,87682.63,conventional,2021,Richmond/Norfolk
31/01/2021 0:00,0.98,"1,470.41",12.09,1455.05,3.28,26667.74,organic,2021,Richmond/Norfolk
07/02/2021 0:00,0.83,"224,167.17",141949.24,81379.23,838.7,108547.7,conventional,2021,Richmond/Norfolk
07/02/2021 0:00,0.96,"1,573.52",12.29,1560.13,1.09,26829.9,organic,2021,Richmond/Norfolk
14/02/2021 0:00,0.99,"161,625.19",83511.69,77306.98,806.52,78296.04,conventional,2021,Richmond/Norfolk
14/02/2021 0:00,1,"1,550.67",3.28,1533.18,14.22,22278.19,organic,2021,Richmond/Norfolk
21/02/2021 0:00,1.04,"166,841.22",93355.82,72623.01,862.38,73846.09,conventional,2021,Richmond/Norfolk
21/02/2021 0:00,1.01,"1,525.51",1.09,1523.33,1.09,27031.31,organic,2021,Richmond/Norfolk
28/02/2021 0:00,0.93,"173,614.01",94364.76,78284,965.25,76067.89,conventional,2021,Richmond/Norfolk
28/02/2021 0:00,0.96,"1,595.46",0,1588.91,6.56,31971.27,organic,2021,Richmond/Norfolk
07/03/2021 0:00,0.98,"162,554.25",89482.52,72448.28,623.44,94439.42,conventional,2021,Richmond/Norfolk
07/03/2021 0:00,0.95,"1,371.29",3.13,1364.88,3.28,28411.81,organic,2021,Richmond/Norfolk
14/03/2021 0:00,0.98,"182,915.44",113951.63,68201.13,762.67,84368.81,conventional,2021,Richmond/Norfolk
14/03/2021 0:00,0.97,"1,564.71",19.86,1531.75,13.1,27542.25,organic,2021,Richmond/Norfolk
21/03/2021 0:00,1.04,"172,990.28",103876.48,68291.23,822.57,82968.99,conventional,2021,Richmond/Norfolk
21/03/2021 0:00,0.95,"1,658.22",4.37,1644.03,9.82,28609.98,organic,2021,Richmond/Norfolk
28/03/2021 0:00,1.06,"175,588.52",109825.13,65058.47,704.91,84896.89,conventional,2021,Richmond/Norfolk
28/03/2021 0:00,0.97,"1,331.98",25.17,1303.53,3.28,31882.55,organic,2021,Richmond/Norfolk
04/04/2021 0:00,1.18,"158,995.57",90744.53,67706.35,544.69,78131.97,conventional,2021,Richmond/Norfolk
04/04/2021 0:00,1.04,"1,206.00",27.68,1168.57,9.75,33273.53,organic,2021,Richmond/Norfolk
11/04/2021 0:00,1.16,"160,162.55",93739.1,65755.9,667.55,81885.51,conventional,2021,Richmond/Norfolk
11/04/2021 0:00,1.11,"1,344.55",5.81,1334.41,4.34,31757.12,organic,2021,Richmond/Norfolk
18/04/2021 0:00,1.08,"190,141.54",120817.14,68727.93,596.48,82650.42,conventional,2021,Richmond/Norfolk
18/04/2021 0:00,1.11,"1,491.93",41.58,1443.85,6.5,34502.15,organic,2021,Richmond/Norfolk
25/04/2021 0:00,1.18,"157,105.18",96731.82,59863.31,510.04,84180.75,conventional,2021,Richmond/Norfolk
25/04/2021 0:00,1.15,"1,512.39",60.77,1444.03,7.58,31141.84,organic,2021,Richmond/Norfolk
02/05/2021 0:00,0.95,"210,909.74",138951.69,70905.6,1052.44,81338.57,conventional,2021,Richmond/Norfolk
02/05/2021 0:00,1.08,"1,451.74",46.05,1403.53,2.16,34057.93,organic,2021,Richmond/Norfolk
09/05/2021 0:00,1.07,"181,842.49",113774.93,67366.06,701.49,86823.85,conventional,2021,Richmond/Norfolk
09/05/2021 0:00,1.12,"1,556.38",31.18,1525.2,0,31491.11,organic,2021,Richmond/Norfolk
16/05/2021 0:00,1.21,"156,308.70",94947.76,60728.58,632.36,83652.25,conventional,2021,Richmond/Norfolk
16/05/2021 0:00,1.12,"1,384.83",7.44,1377.39,0,32062.61,organic,2021,Richmond/Norfolk
13/06/2021 0:00,1.17,"162,065.65",101249.87,60062.08,753.7,72451.26,conventional,2021,Richmond/Norfolk
06/06/2021 0:00,1.2,"162,089.11",92729.14,68739.97,620.01,74279.45,conventional,2021,Richmond/Norfolk
30/05/2021 0:00,1.17,"175,473.02",104211.25,70670.93,590.83,80098.13,conventional,2021,Richmond/Norfolk
23/05/2021 0:00,1.16,"163,819.08",100969.77,62163.72,685.59,78070.68,conventional,2021,Richmond/Norfolk
13/06/2021 0:00,1.1,"1,182.74",10.54,1172.2,0,37708.71,organic,2021,Richmond/Norfolk
06/06/2021 0:00,1.08,"1,274.05",2.03,1268.78,3.24,36079.64,organic,2021,Richmond/Norfolk
30/05/2021 0:00,1.08,"1,209.66",2.16,1205.34,2.16,29004.9,organic,2021,Richmond/Norfolk
23/05/2021 0:00,1.06,"1,378.27",6.35,1369.76,2.16,33128.76,organic,2021,Richmond/Norfolk
11/07/2021 0:00,1.07,"143,403.14",81862.16,60699,841.98,108879.99,conventional,2021,Richmond/Norfolk
04/07/2021 0:00,1.14,"148,187.42",85927.55,61421.09,838.78,107382.62,conventional,2021,Richmond/Norfolk
27/06/2021 0:00,1.2,"136,913.63",75415.42,60915.22,582.99,74337.68,conventional,2021,Richmond/Norfolk
20/06/2021 0:00,1.05,"146,197.10",82185.29,63363.31,648.5,114664.09,conventional,2021,Richmond/Norfolk
11/07/2021 0:00,1.5, -   ,0,0,0,11670.41,organic,2021,Richmond/Norfolk
04/07/2021 0:00,1.52, -   ,0,0,0,10910.81,organic,2021,Richmond/Norfolk
27/06/2021 0:00,1.41, -   ,0,0,0,11468.79,organic,2021,Richmond/Norfolk
20/06/2021 0:00,1.38, -   ,0,0,0,13525.37,organic,2021,Richmond/Norfolk
08/08/2021 0:00,1.17,"127,323.61",77375.27,49345.17,603.17,68337.34,conventional,2021,Richmond/Norfolk
01/08/2021 0:00,1.11,"140,925.20",87011.62,53357.67,555.9,78599.13,conventional,2021,Richmond/Norfolk
25/07/2021 0:00,1.13,"139,370.04",83742.91,55001.31,625.83,90495.67,conventional,2021,Richmond/Norfolk
18/07/2021 0:00,0.97,"137,514.49",81139.75,55871.85,502.89,146196.65,conventional,2021,Richmond/Norfolk
08/08/2021 0:00,1.49,"1,171.48",14.06,1157.42,0,16805.91,organic,2021,Richmond/Norfolk
01/08/2021 0:00,1.55,"1,181.12",15.14,1160.57,5.41,15606.45,organic,2021,Richmond/Norfolk
25/07/2021 0:00,1.65,"1,258.16",8.65,1248.42,1.08,14459.81,organic,2021,Richmond/Norfolk
18/07/2021 0:00,1.63,"1,300.34",14.06,1286.27,0,14476.36,organic,2021,Richmond/Norfolk
05/09/2021 0:00,1.01,"120,487.17",75014.73,44884.59,587.84,98055.23,conventional,2021,Richmond/Norfolk
29/08/2021 0:00,1.08,"139,129.84",76788.27,61763.98,577.59,92503.81,conventional,2021,Richmond/Norfolk
22/08/2021 0:00,0.97,"134,057.16",78382.55,55103.83,570.78,138334.23,conventional,2021,Richmond/Norfolk
15/08/2021 0:00,1.04,"131,033.85",77737.3,52891.84,404.72,103795.63,conventional,2021,Richmond/Norfolk
05/09/2021 0:00,1.58,"1,410.43",8.24,1400.02,2.16,11391.74,organic,2021,Richmond/Norfolk
29/08/2021 0:00,1.56,"1,224.21",17.3,1206.9,0,12297.97,organic,2021,Richmond/Norfolk
22/08/2021 0:00,1.6,"1,343.59",15.15,1328.44,0,15138.79,organic,2021,Richmond/Norfolk
15/08/2021 0:00,1.59,"1,256.02",8.65,1243.03,4.33,15620,organic,2021,Richmond/Norfolk
03/10/2021 0:00,1.11,"138,844.38",91178.82,47014.77,650.79,81870.86,conventional,2021,Richmond/Norfolk
26/09/2021 0:00,1.11,"138,818.96",92456.39,45797.13,565.44,83549.76,conventional,2021,Richmond/Norfolk
19/09/2021 0:00,1.08,"122,398.09",79617.88,42147.75,632.45,117262.9,conventional,2021,Richmond/Norfolk
12/09/2021 0:00,1.16,"132,956.79",79697.83,52702.2,556.75,89224.62,conventional,2021,Richmond/Norfolk
03/10/2021 0:00,1.55,"1,581.89",6.21,1574.6,1.08,11628.59,organic,2021,Richmond/Norfolk
26/09/2021 0:00,1.4,"1,401.30",7.56,1393.74,0,13957.77,organic,2021,Richmond/Norfolk
19/09/2021 0:00,1.47,"1,578.63",22.41,1549.74,6.48,16528.42,organic,2021,Richmond/Norfolk
12/09/2021 0:00,1.62,"1,591.37",8.37,1583,0,12667.83,organic,2021,Richmond/Norfolk
31/10/2021 0:00,1.07,"140,122.40",105235.55,34055.68,831.18,65400.33,conventional,2021,Richmond/Norfolk
24/10/2021 0:00,1.15,"132,299.74",95841.43,35903.57,554.75,67672.68,conventional,2021,Richmond/Norfolk
17/10/2021 0:00,1.13,"127,824.89",84856.71,42324.88,643.31,88840.92,conventional,2021,Richmond/Norfolk
10/10/2021 0:00,1.06,"138,739.56",89621.09,48472.82,645.65,110428.63,conventional,2021,Richmond/Norfolk
31/10/2021 0:00,1.34,"1,074.80",39.96,1034.84,0,17694.96,organic,2021,Richmond/Norfolk
24/10/2021 0:00,1.56,"1,202.21",48.19,1148.62,5.4,13740.52,organic,2021,Richmond/Norfolk
17/10/2021 0:00,1.44,"1,297.68",1.89,1291.47,4.32,15960.27,organic,2021,Richmond/Norfolk
10/10/2021 0:00,1.58,"1,277.80",1.08,1270.24,6.48,12742.35,organic,2021,Richmond/Norfolk
28/11/2021 0:00,1.19,"104,968.24",75648.74,28903.34,416.17,55842.14,conventional,2021,Richmond/Norfolk
21/11/2021 0:00,1.2,"115,653.12",80773.37,34213.15,666.61,66905.01,conventional,2021,Richmond/Norfolk
14/11/2021 0:00,1.11,"131,819.27",94868.67,36258.74,691.85,79277.49,conventional,2021,Richmond/Norfolk
07/11/2021 0:00,1.08,"135,169.20",99786.57,34572.73,809.9,85006.33,conventional,2021,Richmond/Norfolk
28/11/2021 0:00,1.54,"1,032.05",33.48,995.33,3.24,10703.68,organic,2021,Richmond/Norfolk
21/11/2021 0:00,1.59,"1,102.03",91.39,1010.64,0,12423.14,organic,2021,Richmond/Norfolk
14/11/2021 0:00,1.45,"1,200.94",24.84,1176.1,0,16149.87,organic,2021,Richmond/Norfolk
07/11/2021 0:00,1.59,"1,177.56",23.76,1151.64,2.16,12292.95,organic,2021,Richmond/Norfolk
26/12/2021 0:00,1.15,"111,529.35",79909.49,30878.05,741.81,71186.51,conventional,2021,Richmond/Norfolk
19/12/2021 0:00,1.17,"117,089.97",83810.17,32618.38,661.41,66272.37,conventional,2021,Richmond/Norfolk
12/12/2021 0:00,1.09,"122,176.84",92363.77,29166.99,646.08,71862.04,conventional,2021,Richmond/Norfolk
05/12/2021 0:00,1.09,"126,277.89",93842.73,31645.38,789.78,82108.61,conventional,2021,Richmond/Norfolk
26/12/2021 0:00,1.57,"1,074.40",87.08,987.33,0,10891.27,organic,2021,Richmond/Norfolk
19/12/2021 0:00,1.63,"1,024.40",86.13,938.27,0,10488.41,organic,2021,Richmond/Norfolk
12/12/2021 0:00,1.72,"1,139.16",62.65,1076.51,0,9684.83,organic,2021,Richmond/Norfolk
05/12/2021 0:00,1.62,"1,172.96",14.31,1158.64,0,9116.79,organic,2021,Richmond/Norfolk
04/01/2021 0:00,0.83,"96,488.41",66026.79,30421.04,40.58,43360.72,conventional,2021,Roanoke
04/01/2021 0:00,1.05,"1,393.65",11.69,1381.97,0,7484.18,organic,2021,Roanoke
10/01/2021 0:00,0.86,"92,139.36",63151.48,28954.66,33.22,47879.41,conventional,2021,Roanoke
10/01/2021 0:00,1.18,"1,562.40",26.13,1536.27,0,8049.63,organic,2021,Roanoke
17/01/2021 0:00,0.93,"90,260.89",61244.91,28984.96,31.02,51255.79,conventional,2021,Roanoke
17/01/2021 0:00,1.27,"1,458.74",35.6,1423.14,0,8340.79,organic,2021,Roanoke
24/01/2021 0:00,0.87,"102,574.86",68827.85,33734.17,12.84,48576.4,conventional,2021,Roanoke
24/01/2021 0:00,1.15,"1,386.06",20.96,1365.11,0,8973.27,organic,2021,Roanoke
31/01/2021 0:00,0.92,"95,448.24",63791.32,31555.58,101.35,50891.64,conventional,2021,Roanoke
31/01/2021 0:00,1.13,"1,331.30",3.08,1328.22,0,9270.75,organic,2021,Roanoke
07/02/2021 0:00,0.83,"121,720.98",87286.43,34375.66,58.89,51691.77,conventional,2021,Roanoke
07/02/2021 0:00,1.08,"1,293.28",14.77,1278.5,0,9643.36,organic,2021,Roanoke
14/02/2021 0:00,0.95,"87,945.24",56319.28,31568.18,57.78,47291.24,conventional,2021,Roanoke
14/02/2021 0:00,1.12,"1,148.68",20.68,1128,0,8731.95,organic,2021,Roanoke
21/02/2021 0:00,0.98,"86,156.26",59783.13,26319.06,54.07,46945.64,conventional,2021,Roanoke
21/02/2021 0:00,1.16,"1,374.15",11.89,1362.25,0,9352.15,organic,2021,Roanoke
28/02/2021 0:00,0.92,"92,675.41",63153.09,29509.71,12.6,47442.68,conventional,2021,Roanoke
28/02/2021 0:00,1.08,"1,092.35",9,1083.35,0,10497.65,organic,2021,Roanoke
07/03/2021 0:00,0.96,"89,263.29",59867.79,29365.51,30,49597.65,conventional,2021,Roanoke
07/03/2021 0:00,1.1,"1,249.84",0.94,1248.89,0,9662.37,organic,2021,Roanoke
14/03/2021 0:00,0.93,"96,871.42",70815.64,26021.27,34.52,50091,conventional,2021,Roanoke
14/03/2021 0:00,1.14,"1,162.20",12.08,1150.12,0,9792.55,organic,2021,Roanoke
21/03/2021 0:00,0.95,"93,994.73",67648.47,26327.95,18.32,48860.17,conventional,2021,Roanoke
21/03/2021 0:00,1.11,"1,246.07",10.72,1235.34,0,10302.6,organic,2021,Roanoke
28/03/2021 0:00,1.02,"93,912.59",67716.86,26176.21,19.52,48374.97,conventional,2021,Roanoke
28/03/2021 0:00,1.13,"1,179.72",17.39,1162.33,0,11251.66,organic,2021,Roanoke
04/04/2021 0:00,1.09,"90,145.62",58400.52,31702.99,42.11,50072.26,conventional,2021,Roanoke
04/04/2021 0:00,1.26,"1,240.30",34.27,1206.03,0,10824.17,organic,2021,Roanoke
11/04/2021 0:00,1.08,"83,661.00",58977.3,24594.9,88.79,51033.63,conventional,2021,Roanoke
11/04/2021 0:00,1.29,"1,060.68",9.22,1051.46,0,11440.21,organic,2021,Roanoke
18/04/2021 0:00,1.02,"97,184.04",73141.49,23996.42,46.13,52720.56,conventional,2021,Roanoke
18/04/2021 0:00,1.32,"1,094.80",30.01,1064.78,0,12392.44,organic,2021,Roanoke
25/04/2021 0:00,1.11,"84,974.21",62717.69,22212.77,43.75,50901.54,conventional,2021,Roanoke
25/04/2021 0:00,1.39,"1,031.82",25.52,1006.3,0,10215.91,organic,2021,Roanoke
02/05/2021 0:00,0.9,"107,037.96",84696.57,22268.81,72.58,47768.14,conventional,2021,Roanoke
02/05/2021 0:00,1.3,"1,028.41",50.81,977.6,0,11788.28,organic,2021,Roanoke
09/05/2021 0:00,0.97,"94,845.80",69256.88,25518.61,70.31,48898.44,conventional,2021,Roanoke
09/05/2021 0:00,1.36,"1,110.80",27.66,1083.14,0,10669.55,organic,2021,Roanoke
16/05/2021 0:00,1.11,"81,287.20",57553.87,23593.48,139.84,47329.97,conventional,2021,Roanoke
16/05/2021 0:00,1.35,954.39,27.91,926.49,0,10309.43,organic,2021,Roanoke
13/06/2021 0:00,1.05,"87,391.96",64831.32,22397.49,163.14,44950.76,conventional,2021,Roanoke
06/06/2021 0:00,1.11,"80,711.93",55560.12,25081.98,69.84,46199.88,conventional,2021,Roanoke
30/05/2021 0:00,1.07,"85,784.88",61630.27,24067.77,86.85,46481.06,conventional,2021,Roanoke
23/05/2021 0:00,1.06,"84,333.79",60803.88,23458.72,71.19,46650.31,conventional,2021,Roanoke
13/06/2021 0:00,1.38,922.14,49.52,872.62,0,10164.29,organic,2021,Roanoke
06/06/2021 0:00,1.41,"1,041.20",74.3,966.89,0,10123.24,organic,2021,Roanoke
30/05/2021 0:00,1.35,"1,081.14",23.18,1057.95,0,9091.41,organic,2021,Roanoke
23/05/2021 0:00,1.27,972.78,21.75,951.02,0,10302.57,organic,2021,Roanoke
11/07/2021 0:00,1,"75,515.23",50465.21,24985.89,64.13,57418.16,conventional,2021,Roanoke
04/07/2021 0:00,1.09,"77,633.26",51086.25,26435.96,111.05,53205.16,conventional,2021,Roanoke
27/06/2021 0:00,1.07,"74,388.83",46637.88,27676.8,74.15,39794.88,conventional,2021,Roanoke
20/06/2021 0:00,0.99,"75,648.14",47775.33,27800.73,72.07,58626.7,conventional,2021,Roanoke
11/07/2021 0:00,1.88,0.01,0,0,0,2344.95,organic,2021,Roanoke
04/07/2021 0:00,1.88, -   ,0,0,0,2850.41,organic,2021,Roanoke
27/06/2021 0:00,1.6, -   ,0,0,0,3278.76,organic,2021,Roanoke
20/06/2021 0:00,1.44,-0.01,0,0,0,5653.78,organic,2021,Roanoke
08/08/2021 0:00,1.07,"70,289.95",45860.76,24377.71,51.47,39050.48,conventional,2021,Roanoke
01/08/2021 0:00,1.04,"71,246.22",49352.12,21840.51,53.59,44033.36,conventional,2021,Roanoke
25/07/2021 0:00,1.01,"73,356.85",52550.43,20742.45,63.97,49279.89,conventional,2021,Roanoke
18/07/2021 0:00,0.97,"71,739.45",49143.25,22561.28,34.92,67054.29,conventional,2021,Roanoke
08/08/2021 0:00,1.69,916.81,16.06,900.74,0,5725.03,organic,2021,Roanoke
01/08/2021 0:00,1.83,870.4,7.56,862.85,0,4526.06,organic,2021,Roanoke
25/07/2021 0:00,1.9,785.95,2.36,783.6,0,4499.71,organic,2021,Roanoke
18/07/2021 0:00,1.86,"1,027.35",36.56,990.78,0,4804.1,organic,2021,Roanoke
05/09/2021 0:00,1.01,"75,169.54",47325.74,27789.13,54.67,56216.27,conventional,2021,Roanoke
29/08/2021 0:00,1,"75,481.28",44217.68,31201.12,62.48,55319.64,conventional,2021,Roanoke
22/08/2021 0:00,0.94,"74,410.43",47278.42,27068.75,63.26,71536.67,conventional,2021,Roanoke
15/08/2021 0:00,1.01,"73,888.22",47670.2,26158.29,59.74,55657.2,conventional,2021,Roanoke
05/09/2021 0:00,1.74,981.36,10.6,970.76,0,3977.83,organic,2021,Roanoke
29/08/2021 0:00,1.68,982.05,7.07,974.98,0,4918.65,organic,2021,Roanoke
22/08/2021 0:00,1.83,"1,004.32",1.18,1003.14,0,5919.67,organic,2021,Roanoke
15/08/2021 0:00,1.85,930.26,5.91,924.36,0,5108.39,organic,2021,Roanoke
03/10/2021 0:00,1.03,"76,009.94",56398.55,19603.15,8.23,42408.46,conventional,2021,Roanoke
26/09/2021 0:00,1.03,"79,568.12",59153.08,20394.79,20.25,47673.45,conventional,2021,Roanoke
19/09/2021 0:00,1.05,"68,878.44",50016.07,18831.97,30.4,55450.21,conventional,2021,Roanoke
12/09/2021 0:00,1.06,"69,608.90",47361.47,22185.41,62.01,53463.22,conventional,2021,Roanoke
03/10/2021 0:00,1.76,986.06,3.53,982.53,0,3561.18,organic,2021,Roanoke
26/09/2021 0:00,1.67,863.87,8.72,855.15,0,4063.8,organic,2021,Roanoke
19/09/2021 0:00,1.82,741.93,4.71,737.22,0,4344.1,organic,2021,Roanoke
12/09/2021 0:00,1.91,919.81,8.51,911.3,0,3165.26,organic,2021,Roanoke
31/10/2021 0:00,0.98,"78,426.52",65604.14,12815.35,7.03,37144.3,conventional,2021,Roanoke
24/10/2021 0:00,1.09,"72,109.67",58110.32,13989.96,9.38,39744.71,conventional,2021,Roanoke
17/10/2021 0:00,1.09,"72,585.60",55834.49,16740.29,10.82,46167.22,conventional,2021,Roanoke
10/10/2021 0:00,1.03,"76,346.91",57908.87,18418.06,19.97,52521.44,conventional,2021,Roanoke
31/10/2021 0:00,1.72,812.11,20.98,791.13,0,4208.72,organic,2021,Roanoke
24/10/2021 0:00,1.84,663.45,14.86,648.6,0,4462.54,organic,2021,Roanoke
17/10/2021 0:00,1.91,798.69,7.53,791.15,0,4191.35,organic,2021,Roanoke
10/10/2021 0:00,1.75,830.66,5.87,824.79,0,4428.57,organic,2021,Roanoke
28/11/2021 0:00,1.12,"53,472.55",42929.26,10528.95,14.35,31794.34,conventional,2021,Roanoke
21/11/2021 0:00,1.11,"62,228.84",49551.24,12625.71,51.88,38827.79,conventional,2021,Roanoke
14/11/2021 0:00,1.06,"70,840.83",57267,13517.82,56,51007.38,conventional,2021,Roanoke
07/11/2021 0:00,0.99,"71,763.10",59174.29,12579.43,9.39,53119.6,conventional,2021,Roanoke
28/11/2021 0:00,1.64,791.89,32.22,759.67,0,3527.36,organic,2021,Roanoke
21/11/2021 0:00,1.72,690.69,84.11,606.58,0,3802.46,organic,2021,Roanoke
14/11/2021 0:00,1.79,802.22,144.89,657.33,0,4680.98,organic,2021,Roanoke
07/11/2021 0:00,1.75,801.64,19.95,781.69,0,3775.03,organic,2021,Roanoke
26/12/2021 0:00,1.11,"59,052.02",47122.56,11900.23,29.23,38322.62,conventional,2021,Roanoke
19/12/2021 0:00,1.13,"59,128.08",47670.49,11413.23,44.34,37244.3,conventional,2021,Roanoke
12/12/2021 0:00,1.05,"65,990.19",54332.09,11614.27,43.83,40140.67,conventional,2021,Roanoke
05/12/2021 0:00,1.03,"67,897.28",56241.61,11649.79,5.89,40779.74,conventional,2021,Roanoke
26/12/2021 0:00,1.62,729.7,67.46,662.24,0,3859.01,organic,2021,Roanoke
19/12/2021 0:00,1.7,698.8,42.48,656.33,0,3658.14,organic,2021,Roanoke
12/12/2021 0:00,1.7,905.84,16.5,889.34,0,4029.34,organic,2021,Roanoke
05/12/2021 0:00,1.67,867.34,9.9,857.44,0,3807.39,organic,2021,Roanoke
04/01/2021 0:00,1.02,"394,115.42",156627.51,231859.44,5628.47,95252.88,conventional,2021,Sacramento
04/01/2021 0:00,1.82,"4,951.98",2353.73,2598.25,0,12958.63,organic,2021,Sacramento
10/01/2021 0:00,1.11,"324,947.97",146071.62,173963.9,4912.45,106109.88,conventional,2021,Sacramento
10/01/2021 0:00,1.78,"5,845.34",2878.22,2967.12,0,13121.23,organic,2021,Sacramento
17/01/2021 0:00,1.29,"318,875.21",127772.01,187924.58,3178.62,111375.09,conventional,2021,Sacramento
17/01/2021 0:00,1.75,"5,086.72",2752.06,2334.66,0,14456.15,organic,2021,Sacramento
24/01/2021 0:00,1.08,"368,047.01",133075.4,230930.54,4041.07,119325,conventional,2021,Sacramento
24/01/2021 0:00,1.67,"5,953.37",2531.87,3421.51,0,14329.81,organic,2021,Sacramento
31/01/2021 0:00,1.39,"262,341.77",116670.07,143035.79,2635.91,123475.89,conventional,2021,Sacramento
31/01/2021 0:00,1.74,"5,852.72",3054.64,2798.09,0,14190.33,organic,2021,Sacramento
07/02/2021 0:00,1.03,"425,456.29",163384.22,256718.27,5353.81,126972.1,conventional,2021,Sacramento
07/02/2021 0:00,1.7,"6,384.53",2946.29,3434.52,3.72,13706.74,organic,2021,Sacramento
14/02/2021 0:00,1.06,"335,334.78",146816.22,184478.2,4040.36,104194.55,conventional,2021,Sacramento
14/02/2021 0:00,1.6,"7,221.86",3846.64,3370.26,4.95,14949.94,organic,2021,Sacramento
21/02/2021 0:00,1.38,"272,278.50",131757.71,138287.15,2233.63,101055.96,conventional,2021,Sacramento
21/02/2021 0:00,1.75,"5,824.37",2914.99,2906.9,2.48,15269.12,organic,2021,Sacramento
28/02/2021 0:00,1.22,"288,837.49",137721.64,149187.31,1928.53,100792.54,conventional,2021,Sacramento
28/02/2021 0:00,1.35,"33,506.31",3063.07,30203.05,240.19,13616.99,organic,2021,Sacramento
07/03/2021 0:00,1.39,"277,182.29",121793.79,153230.01,2158.49,108436.11,conventional,2021,Sacramento
07/03/2021 0:00,1.52,"18,862.95",4969.46,13874.89,18.61,14356.43,organic,2021,Sacramento
14/03/2021 0:00,1.09,"323,684.13",122275.61,198699.11,2709.4,111432.26,conventional,2021,Sacramento
14/03/2021 0:00,1.66,"6,929.37",2589.07,4340.3,0,15402.75,organic,2021,Sacramento
21/03/2021 0:00,1.42,"249,663.94",104336.98,142351.24,2975.73,103877.11,conventional,2021,Sacramento
21/03/2021 0:00,1.76,"6,579.69",3241.78,3337.9,0,14169.54,organic,2021,Sacramento
28/03/2021 0:00,1.51,"281,459.68",122166.26,156398.82,2894.6,92703.02,conventional,2021,Sacramento
28/03/2021 0:00,1.82,"8,542.38",4973.42,3568.96,0,14086.89,organic,2021,Sacramento
04/04/2021 0:00,1.61,"256,511.56",116916.32,137221.62,2373.62,102812.83,conventional,2021,Sacramento
04/04/2021 0:00,1.82,"9,087.04",5641.41,3445.62,0,15595.16,organic,2021,Sacramento
11/04/2021 0:00,1.45,"257,456.53",112778.68,142499.44,2178.41,92363.26,conventional,2021,Sacramento
11/04/2021 0:00,1.82,"9,035.15",5705.79,3326.87,2.49,15242.09,organic,2021,Sacramento
18/04/2021 0:00,1.42,"329,312.95",156348.32,171197.02,1767.61,95120.44,conventional,2021,Sacramento
18/04/2021 0:00,1.64,"6,110.72",3115.25,2995.46,0,19298.95,organic,2021,Sacramento
25/04/2021 0:00,1.54,"263,065.75",133178.06,128118.99,1768.69,100289.74,conventional,2021,Sacramento
25/04/2021 0:00,1.79,"9,661.39",6258.83,3397.6,4.96,14044.06,organic,2021,Sacramento
02/05/2021 0:00,1.18,"366,122.42",146890.84,217581.92,1649.65,96103.3,conventional,2021,Sacramento
02/05/2021 0:00,1.74,"8,940.80",5399.5,3535.09,6.21,13662.52,organic,2021,Sacramento
09/05/2021 0:00,1.16,"397,948.04",146717.15,250386.52,844.37,98783.35,conventional,2021,Sacramento
09/05/2021 0:00,1.91,"6,810.42",2666.26,4144.16,0,13482.09,organic,2021,Sacramento
16/05/2021 0:00,1.39,"302,654.95",121550.4,180487.47,617.08,92370.3,conventional,2021,Sacramento
16/05/2021 0:00,1.87,"6,766.53",3424.52,3340.78,1.24,12756.76,organic,2021,Sacramento
13/06/2021 0:00,1.44,"276,516.68",131353.64,143768.79,1394.26,93394.15,conventional,2021,Sacramento
06/06/2021 0:00,1.28,"287,858.14",151222.91,135731.8,903.43,93129.53,conventional,2021,Sacramento
30/05/2021 0:00,1.34,"338,836.07",125349.45,212725.42,761.21,95310.25,conventional,2021,Sacramento
23/05/2021 0:00,1.15,"336,544.88",121463.83,214574.1,506.95,87071.25,conventional,2021,Sacramento
13/06/2021 0:00,1.53,"6,238.88",3147.02,3091.86,0,17922.98,organic,2021,Sacramento
06/06/2021 0:00,1.89,"6,173.41",2944.32,3229.09,0,12433.03,organic,2021,Sacramento
30/05/2021 0:00,1.56,"7,044.44",3970.14,3074.3,0,17764.42,organic,2021,Sacramento
23/05/2021 0:00,1.64,"5,786.88",2357.06,3426.1,3.73,17711.44,organic,2021,Sacramento
11/07/2021 0:00,1.12,"375,770.91",153441.88,221018.38,1310.65,106410.32,conventional,2021,Sacramento
04/07/2021 0:00,1.51,"319,887.07",143436.75,175293.61,1156.72,97280.42,conventional,2021,Sacramento
27/06/2021 0:00,1.47,"294,900.65",142669.04,151493,738.6,92762.1,conventional,2021,Sacramento
20/06/2021 0:00,1.44,"338,540.86",129524.84,207862.53,1153.48,94167.74,conventional,2021,Sacramento
11/07/2021 0:00,1.64, -   ,0,0,0,14928.09,organic,2021,Sacramento
04/07/2021 0:00,1.43, -   ,0,0,0,17435.6,organic,2021,Sacramento
27/06/2021 0:00,1.74, -   ,0,0,0,12888.81,organic,2021,Sacramento
20/06/2021 0:00,1.43, -   ,0,0,0,16235.08,organic,2021,Sacramento
08/08/2021 0:00,1.23,"298,858.73",108214.03,179935.72,10708.98,104661.83,conventional,2021,Sacramento
01/08/2021 0:00,1.24,"316,176.70",111772.36,199141.44,5262.89,106441.05,conventional,2021,Sacramento
25/07/2021 0:00,1.44,"248,720.33",104829.54,139009.92,4880.86,105854.96,conventional,2021,Sacramento
18/07/2021 0:00,1.47,"267,341.01",130056.77,133482.61,3801.62,108168.44,conventional,2021,Sacramento
08/08/2021 0:00,1.76,"7,614.45",2883.18,4728.81,2.47,15216.42,organic,2021,Sacramento
01/08/2021 0:00,1.67,"17,686.22",2816.12,14833.05,37.05,11736.61,organic,2021,Sacramento
25/07/2021 0:00,1.55,"29,110.44",3092.71,25868.12,149.62,14561.53,organic,2021,Sacramento
18/07/2021 0:00,1.75,"6,689.69",3834.43,2855.26,0,16209.38,organic,2021,Sacramento
05/09/2021 0:00,1.44,"288,388.39",121576.29,160558.72,6253.39,107850.98,conventional,2021,Sacramento
29/08/2021 0:00,1.56,"241,282.20",107290.64,126973.76,7017.79,104704.41,conventional,2021,Sacramento
22/08/2021 0:00,1.59,"239,129.89",104210.73,130316.89,4602.28,103672.73,conventional,2021,Sacramento
15/08/2021 0:00,1.58,"241,398.43",96418.28,142020.38,2959.78,112327.94,conventional,2021,Sacramento
05/09/2021 0:00,1.96,"6,202.67",3562.22,2640.44,0,11770.94,organic,2021,Sacramento
29/08/2021 0:00,1.95,"7,365.56",4328.33,3037.22,0,11059.53,organic,2021,Sacramento
22/08/2021 0:00,1.82,"9,265.41",5591.21,3674.21,0,12144.33,organic,2021,Sacramento
15/08/2021 0:00,1.78,"10,361.23",6255.85,4105.38,0,13745.89,organic,2021,Sacramento
03/10/2021 0:00,1.62,"226,144.46",94276.95,130325.4,1542.1,92176.7,conventional,2021,Sacramento
26/09/2021 0:00,1.61,"248,057.07",107759.32,137904.77,2392.98,90865.89,conventional,2021,Sacramento
19/09/2021 0:00,1.63,"253,133.57",111774.45,135635.67,5723.43,90784.47,conventional,2021,Sacramento
12/09/2021 0:00,1.56,"252,914.39",115696.38,130645.73,6572.29,97895.87,conventional,2021,Sacramento
03/10/2021 0:00,1.9,"6,220.68",3580.63,2640.05,0,11812.79,organic,2021,Sacramento
26/09/2021 0:00,1.7,"7,996.75",4840.63,3156.13,0,14712.97,organic,2021,Sacramento
19/09/2021 0:00,1.89,"8,433.62",4862.15,3571.47,0,14138.13,organic,2021,Sacramento
12/09/2021 0:00,1.86,"7,848.55",4518.07,3330.48,0,14361.28,organic,2021,Sacramento
31/10/2021 0:00,1.58,"202,372.19",84935.79,113338.71,4097.69,98127.99,conventional,2021,Sacramento
24/10/2021 0:00,1.24,"215,719.15",84086.83,129684.69,1947.63,91271.44,conventional,2021,Sacramento
17/10/2021 0:00,1.59,"213,917.57",91779.14,120275.83,1862.59,90901.95,conventional,2021,Sacramento
10/10/2021 0:00,1.58,"246,632.82",99652.21,144922.06,2058.55,94256.76,conventional,2021,Sacramento
31/10/2021 0:00,1.9,"5,702.39",3042.54,2659.86,0,12249.75,organic,2021,Sacramento
24/10/2021 0:00,1.91,"5,324.30",2702.37,2620.69,1.24,11490.61,organic,2021,Sacramento
17/10/2021 0:00,1.75,"6,588.24",3816.03,2772.21,0,15705,organic,2021,Sacramento
10/10/2021 0:00,1.71,"6,959.44",3880.65,3076.31,2.47,15961.88,organic,2021,Sacramento
28/11/2021 0:00,1.65,"176,711.72",70548.11,104629.23,1534.38,78622.06,conventional,2021,Sacramento
21/11/2021 0:00,1.65,"182,245.48",68611.07,111782.18,1852.23,89470.72,conventional,2021,Sacramento
14/11/2021 0:00,1.58,"198,188.45",86853.35,109555.45,1779.66,88666.62,conventional,2021,Sacramento
07/11/2021 0:00,1.29,"245,726.38",104690.48,137613.53,3422.37,87481.49,conventional,2021,Sacramento
28/11/2021 0:00,1.96,"5,846.48",3065.33,2781.15,0,10530.55,organic,2021,Sacramento
21/11/2021 0:00,1.89,"6,548.00",3598.58,2949.41,0,13492.02,organic,2021,Sacramento
14/11/2021 0:00,1.94,"5,863.09",3180.66,2678.71,3.72,11554.36,organic,2021,Sacramento
07/11/2021 0:00,1.96,"6,023.84",3393.2,2630.65,0,11748.54,organic,2021,Sacramento
26/12/2021 0:00,1.68,"201,104.98",78241.27,121769.18,1094.52,88359.48,conventional,2021,Sacramento
19/12/2021 0:00,1.64,"181,160.67",71082.66,108967.41,1110.6,86929.39,conventional,2021,Sacramento
12/12/2021 0:00,1.61,"175,991.54",66947.92,107332.45,1711.17,93765.22,conventional,2021,Sacramento
05/12/2021 0:00,1.24,"208,874.90",79554.41,127230.26,2090.23,82137.28,conventional,2021,Sacramento
26/12/2021 0:00,1.85,"6,875.41",3214.22,3661.19,0,14065.47,organic,2021,Sacramento
19/12/2021 0:00,1.8,"9,593.63",3200.97,6377.75,14.91,15937.92,organic,2021,Sacramento
12/12/2021 0:00,1.82,"16,559.60",3592.44,12967.15,0,12021.1,organic,2021,Sacramento
05/12/2021 0:00,1.8,"15,032.73",2774.58,12258.14,0,11819.48,organic,2021,Sacramento
04/01/2021 0:00,0.97,"172,142.28",114429.33,34766.51,22946.44,96059.01,conventional,2021,San Diego
04/01/2021 0:00,1.4,"2,390.95",995.13,1394.39,1.43,15875.67,organic,2021,San Diego
10/01/2021 0:00,1.24,"148,507.26",103878.4,27271.79,17357.07,111104.44,conventional,2021,San Diego
10/01/2021 0:00,1.83,"2,320.22",1226.44,1086.62,7.16,15220.77,organic,2021,San Diego
17/01/2021 0:00,1.22,"152,521.75",106507,26632.92,19381.84,112231.85,conventional,2021,San Diego
17/01/2021 0:00,1.85,"2,551.45",1338.58,1212.88,0,15872.23,organic,2021,San Diego
24/01/2021 0:00,1.19,"147,356.68",99573.86,30505.75,17277.07,101884.41,conventional,2021,San Diego
24/01/2021 0:00,1.81,"2,329.61",1330.53,999.07,0,14934.18,organic,2021,San Diego
31/01/2021 0:00,1.02,"143,514.90",98068.93,35682.01,9763.96,100369.12,conventional,2021,San Diego
31/01/2021 0:00,1.41,"2,440.57",1188.89,1251.68,0,15545.26,organic,2021,San Diego
07/02/2021 0:00,0.97,"183,050.27",123875.11,32639.27,26535.89,260761.24,conventional,2021,San Diego
07/02/2021 0:00,1.76,"2,032.79",951.54,1081.24,0,18299.07,organic,2021,San Diego
14/02/2021 0:00,1.18,"136,573.71",88067.82,25109.87,23396.02,107456.5,conventional,2021,San Diego
14/02/2021 0:00,1.77,"2,334.53",881.03,1453.5,0,16688.49,organic,2021,San Diego
21/02/2021 0:00,1.06,"132,771.90",87907.48,34210.25,10654.17,103978.4,conventional,2021,San Diego
21/02/2021 0:00,1.38,"2,410.61",709.45,1701.17,0,18448.06,organic,2021,San Diego
28/02/2021 0:00,1.22,"138,485.14",89753.14,30395.55,18336.45,111674.31,conventional,2021,San Diego
28/02/2021 0:00,1.72,"3,203.02",679.59,2520.57,2.86,18667.71,organic,2021,San Diego
07/03/2021 0:00,1.26,"124,004.35",80896.26,23456.23,19651.88,114145.51,conventional,2021,San Diego
07/03/2021 0:00,1.82,"1,709.04",667.32,1041.73,0,15649.75,organic,2021,San Diego
14/03/2021 0:00,1.25,"128,149.29",87464.34,27628.5,13056.46,115612.05,conventional,2021,San Diego
14/03/2021 0:00,1.78,"1,527.48",506.49,1020.98,0,16770.69,organic,2021,San Diego
21/03/2021 0:00,1.23,"116,927.06",81677.12,20700.91,14549.03,115076.69,conventional,2021,San Diego
21/03/2021 0:00,1.86,"1,669.24",616.73,1052.51,0,16030.96,organic,2021,San Diego
28/03/2021 0:00,1.08,"124,486.51",75249.77,30459.98,18776.76,113698.42,conventional,2021,San Diego
28/03/2021 0:00,1.84,"1,461.46",474.66,985.36,1.44,19470.04,organic,2021,San Diego
04/04/2021 0:00,1.4,"130,107.97",92858.31,21718.6,15531.07,116285.58,conventional,2021,San Diego
04/04/2021 0:00,1.84,"2,530.72",649.95,1876.47,4.29,20785.32,organic,2021,San Diego
11/04/2021 0:00,1.42,"137,743.61",105101.4,21386.1,11256.12,114897.06,conventional,2021,San Diego
11/04/2021 0:00,1.79,"2,778.60",685.39,2090.33,2.87,16831.4,organic,2021,San Diego
18/04/2021 0:00,1.42,"146,193.69",113056.3,20631,12506.38,117135.35,conventional,2021,San Diego
18/04/2021 0:00,1.9,"2,021.43",714.93,1306.5,0,19879.99,organic,2021,San Diego
25/04/2021 0:00,1.41,"115,649.32",76333.28,29975.53,9340.51,117607.45,conventional,2021,San Diego
25/04/2021 0:00,1.89,"1,863.25",785.59,1077.66,0,20410.01,organic,2021,San Diego
02/05/2021 0:00,1.26,"111,661.20",81357.67,20249.26,10054.27,203689.93,conventional,2021,San Diego
02/05/2021 0:00,1.93,"1,807.74",644.61,1163.13,0,18934.1,organic,2021,San Diego
09/05/2021 0:00,1.4,"127,181.75",91248.61,22594.78,13338.37,126701.28,conventional,2021,San Diego
09/05/2021 0:00,1.9,"1,727.61",674.74,1052.88,0,19283.23,organic,2021,San Diego
16/05/2021 0:00,1.19,"120,688.39",83469.25,28029.52,9189.62,107731.1,conventional,2021,San Diego
16/05/2021 0:00,1.93,"1,737.81",581.2,1156.6,0,19078.81,organic,2021,San Diego
13/06/2021 0:00,1.31,"119,309.60",89849.17,20850.22,8610.21,130455.91,conventional,2021,San Diego
06/06/2021 0:00,1.35,"131,693.12",95245.5,28597.1,7850.53,111903.33,conventional,2021,San Diego
30/05/2021 0:00,1.42,"116,431.06",89162.81,20524.56,6743.68,121574.62,conventional,2021,San Diego
23/05/2021 0:00,1.36,"114,026.97",85358.81,21274.49,7393.68,116666.63,conventional,2021,San Diego
13/06/2021 0:00,2.12,"1,670.93",646.33,1024.6,0,15426.59,organic,2021,San Diego
06/06/2021 0:00,2,"1,536.39",539.87,995.09,1.43,17414.86,organic,2021,San Diego
30/05/2021 0:00,2.04,"1,630.13",568.7,1061.43,0,17423.62,organic,2021,San Diego
23/05/2021 0:00,1.93,"1,434.17",508.94,925.23,0,18498.7,organic,2021,San Diego
11/07/2021 0:00,1.1,"145,512.23",96674.05,36035.74,12802.44,109664.91,conventional,2021,San Diego
04/07/2021 0:00,1.42,"134,052.92",98871.49,24036.88,11144.55,110879.58,conventional,2021,San Diego
27/06/2021 0:00,1.35,"126,015.72",95988.34,19086.92,10940.45,116139.86,conventional,2021,San Diego
20/06/2021 0:00,1.32,"128,298.91",96724.59,23994.13,7580.19,114682.16,conventional,2021,San Diego
11/07/2021 0:00,2.06, -   ,0,0,0,12832.71,organic,2021,San Diego
04/07/2021 0:00,2.07, -   ,0,0,0,14438.96,organic,2021,San Diego
27/06/2021 0:00,2.06, -   ,0,0,0,13749.65,organic,2021,San Diego
20/06/2021 0:00,2.11, -   ,0,0,0,15460.57,organic,2021,San Diego
08/08/2021 0:00,1.34,"129,170.15",89382.96,23350.34,16436.84,130521.73,conventional,2021,San Diego
01/08/2021 0:00,1.31,"110,929.64",70080.3,26956.84,13892.5,134372.1,conventional,2021,San Diego
25/07/2021 0:00,1.3,"115,716.69",79710.96,23961.76,12043.98,126519.11,conventional,2021,San Diego
18/07/2021 0:00,1.05,"121,923.04",83602,22794.5,15526.53,304201.94,conventional,2021,San Diego
08/08/2021 0:00,2.15,"1,623.32",488.92,1134.4,0,12553.56,organic,2021,San Diego
01/08/2021 0:00,2.13,"1,820.47",606.73,1213.73,0,12641.08,organic,2021,San Diego
25/07/2021 0:00,2.08,"1,541.18",518.96,1022.22,0,13335.79,organic,2021,San Diego
18/07/2021 0:00,2.19,"1,503.24",477.03,1026.22,0,13265.83,organic,2021,San Diego
05/09/2021 0:00,1.13,"137,884.32",104926.27,20768.76,12189.28,326665.03,conventional,2021,San Diego
29/08/2021 0:00,1.23,"129,047.66",87583.15,28130.98,13333.53,116414.18,conventional,2021,San Diego
22/08/2021 0:00,1.09,"127,284.46",77847.38,38319.13,11117.95,97655.68,conventional,2021,San Diego
15/08/2021 0:00,1.34,"122,561.69",84182.42,22498.55,15880.73,134259.69,conventional,2021,San Diego
05/09/2021 0:00,2.1,"1,963.52",755.2,1205.47,2.85,10953.85,organic,2021,San Diego
29/08/2021 0:00,2.13,"1,869.96",692.15,1177.8,0,11633.67,organic,2021,San Diego
22/08/2021 0:00,2.08,"1,722.25",584.53,1137.72,0,13196.14,organic,2021,San Diego
15/08/2021 0:00,2.16,"1,673.41",544.31,1129.1,0,13432.68,organic,2021,San Diego
03/10/2021 0:00,1.36,"110,362.94",84389.63,18202.75,7770.57,168054.15,conventional,2021,San Diego
26/09/2021 0:00,1.36,"109,859.00",83349.44,19120.16,7389.4,161298.35,conventional,2021,San Diego
19/09/2021 0:00,1.36,"127,727.92",99471.28,18766.66,9489.98,168693.66,conventional,2021,San Diego
12/09/2021 0:00,1.47,"116,368.01",85936.87,19236.79,11194.34,139790.32,conventional,2021,San Diego
03/10/2021 0:00,2.16,"1,981.98",722.77,1259.21,0,9794.85,organic,2021,San Diego
26/09/2021 0:00,2.15,"1,818.09",764.26,1053.83,0,9760.81,organic,2021,San Diego
19/09/2021 0:00,2.02,"1,724.67",720.62,1004.05,0,11086.26,organic,2021,San Diego
12/09/2021 0:00,2.02,"1,882.30",713.34,1168.96,0,12193.13,organic,2021,San Diego
31/10/2021 0:00,1.25,"129,767.73",98210.61,21383.12,10174,145256.6,conventional,2021,San Diego
24/10/2021 0:00,1.23,"129,165.26",95591.1,23458.69,10115.47,142532.77,conventional,2021,San Diego
17/10/2021 0:00,1.03,"104,256.32",71963.17,21475.53,10817.63,324590.08,conventional,2021,San Diego
10/10/2021 0:00,1.24,"111,740.82",83876.59,18581.98,9282.25,201067.72,conventional,2021,San Diego
31/10/2021 0:00,2.23,"1,874.34",728.62,1142.86,2.85,8757.59,organic,2021,San Diego
24/10/2021 0:00,2.18,"1,711.60",643.02,1035.82,32.77,7733.94,organic,2021,San Diego
17/10/2021 0:00,2.18,"1,914.89",726.32,1188.56,0,9390.59,organic,2021,San Diego
10/10/2021 0:00,2.09,"1,731.71",684.09,1047.63,0,9691.86,organic,2021,San Diego
28/11/2021 0:00,1.34,"123,724.75",99913.92,12819,10991.82,114638.86,conventional,2021,San Diego
21/11/2021 0:00,1.31,"102,308.11",76700.72,16887.34,8720.05,145321.77,conventional,2021,San Diego
14/11/2021 0:00,1.25,"102,834.38",74081.16,17575.08,11178.14,197001.15,conventional,2021,San Diego
07/11/2021 0:00,1.07,"122,045.27",83699.43,29323.5,9022.33,145646.91,conventional,2021,San Diego
28/11/2021 0:00,1.85,"1,497.33",1010.06,487.28,0,7543.19,organic,2021,San Diego
21/11/2021 0:00,1.96,"1,746.86",950.24,796.62,0,9778.13,organic,2021,San Diego
14/11/2021 0:00,2.09,"1,756.24",707.31,1048.93,0,10185.93,organic,2021,San Diego
07/11/2021 0:00,2.08,"1,724.00",648.31,1072.84,2.85,11387.19,organic,2021,San Diego
26/12/2021 0:00,1.3,"123,092.08",98203.02,14519.03,10370.04,125917.77,conventional,2021,San Diego
19/12/2021 0:00,1.32,"112,616.62",91524.41,13086.02,8006.2,127394.77,conventional,2021,San Diego
12/12/2021 0:00,1.25,"149,346.19",124900.91,13599.44,10845.84,128141.65,conventional,2021,San Diego
05/12/2021 0:00,1.07,"155,929.92",123943.9,19606.4,12379.62,127047.61,conventional,2021,San Diego
26/12/2021 0:00,1.92,"1,913.54",1053.58,859.96,0,11078.55,organic,2021,San Diego
19/12/2021 0:00,1.82,"1,602.95",1003.62,596.49,2.84,9936.68,organic,2021,San Diego
12/12/2021 0:00,1.92,"1,431.44",1014.07,417.37,0,8635.57,organic,2021,San Diego
05/12/2021 0:00,1.94,"1,439.14",949.32,489.81,0,9202.02,organic,2021,San Diego
04/01/2021 0:00,1.23,"461,667.23",261890.33,190107.26,9669.63,139821.83,conventional,2021,San Francisco
04/01/2021 0:00,1.98,"8,811.37",2886.58,5923.46,1.34,47695.33,organic,2021,San Francisco
10/01/2021 0:00,1.06,"451,977.02",244664.64,199510.32,7802.06,143598.77,conventional,2021,San Francisco
10/01/2021 0:00,1.8,"8,204.03",2544.17,5650.45,9.4,48359.84,organic,2021,San Francisco
17/01/2021 0:00,1.48,"403,463.32",187959.31,208364.2,7139.81,156248.55,conventional,2021,San Francisco
17/01/2021 0:00,1.85,"8,325.86",2922.43,5402.09,1.34,51469.39,organic,2021,San Francisco
24/01/2021 0:00,1.45,"383,596.99",179255.17,196903.73,7438.09,171269.64,conventional,2021,San Francisco
24/01/2021 0:00,1.87,"10,643.20",2734.42,7908.78,0,50453.15,organic,2021,San Francisco
31/01/2021 0:00,1.56,"288,494.57",134641.06,149223.77,4629.73,191684.54,conventional,2021,San Francisco
31/01/2021 0:00,1.79,"9,273.84",2775.6,6492.86,5.38,56272.02,organic,2021,San Francisco
07/02/2021 0:00,1,"471,417.25",211841.36,251189.54,8386.35,187369.04,conventional,2021,San Francisco
07/02/2021 0:00,1.6,"9,946.19",2525.41,7419.44,1.35,59403.94,organic,2021,San Francisco
14/02/2021 0:00,1.42,"333,968.37",178557,147846.37,7565,157903.03,conventional,2021,San Francisco
14/02/2021 0:00,1.8,"9,411.33",3091.77,6319.55,0,51967.18,organic,2021,San Francisco
21/02/2021 0:00,1.53,"344,251.33",166238.94,172765.97,5246.42,152464.43,conventional,2021,San Francisco
21/02/2021 0:00,1.91,"8,752.28",2808.26,5942.67,1.35,49575.37,organic,2021,San Francisco
28/02/2021 0:00,1.14,"373,328.41",205051.99,163548.6,4727.82,138075.84,conventional,2021,San Francisco
28/02/2021 0:00,1.47,"81,265.31",4719.8,76488.92,56.59,46965.89,organic,2021,San Francisco
07/03/2021 0:00,1.45,"407,822.70",200118.62,202873.09,4830.98,155598.83,conventional,2021,San Francisco
07/03/2021 0:00,1.64,"34,674.06",4217.84,30442.75,13.47,49214.28,organic,2021,San Francisco
14/03/2021 0:00,1.17,"386,548.91",145091.06,234947.21,6510.64,150252.22,conventional,2021,San Francisco
14/03/2021 0:00,1.87,"13,183.66",4857.07,8326.59,0,46036.09,organic,2021,San Francisco
21/03/2021 0:00,1.59,"320,640.65",111886.98,201770.38,6983.28,152757.07,conventional,2021,San Francisco
21/03/2021 0:00,1.92,"10,583.08",3964.29,6618.78,0,47783.72,organic,2021,San Francisco
28/03/2021 0:00,1.6,"343,355.35",173094.67,163553.4,6707.28,147806.99,conventional,2021,San Francisco
28/03/2021 0:00,1.93,"9,932.94",3810.65,6120.93,1.36,48606.83,organic,2021,San Francisco
04/04/2021 0:00,1.68,"297,789.69",144533.33,147439.6,5816.77,154086.56,conventional,2021,San Francisco
04/04/2021 0:00,1.94,"9,736.21",3734.71,5994.76,6.75,48482.64,organic,2021,San Francisco
11/04/2021 0:00,1.29,"313,167.23",137832.52,171139.77,4194.94,139834.72,conventional,2021,San Francisco
11/04/2021 0:00,1.98,"9,627.27",3914.3,5712.97,0,47204.58,organic,2021,San Francisco
18/04/2021 0:00,1.6,"372,191.43",210184.88,157687.95,4318.59,146801.92,conventional,2021,San Francisco
18/04/2021 0:00,1.89,"8,130.61",3288.71,4841.89,0,53277,organic,2021,San Francisco
25/04/2021 0:00,1.56,"353,852.66",206442.34,143697.16,3713.15,152664.77,conventional,2021,San Francisco
25/04/2021 0:00,1.89,"7,884.17",3781.44,4082.41,20.31,52823.88,organic,2021,San Francisco
02/05/2021 0:00,1.01,"524,074.22",272175.92,248184.15,3714.15,128989.32,conventional,2021,San Francisco
02/05/2021 0:00,1.81,"8,515.55",4204.51,4301.47,9.56,45263.84,organic,2021,San Francisco
09/05/2021 0:00,1.44,"399,825.39",213953.17,183375.51,2496.72,148928.34,conventional,2021,San Francisco
09/05/2021 0:00,1.96,"8,995.69",2822.03,6173.66,0,49517.78,organic,2021,San Francisco
16/05/2021 0:00,1.56,"372,035.80",155746.1,214409,1880.69,133011.93,conventional,2021,San Francisco
16/05/2021 0:00,1.93,"8,700.19",3028.84,5671.35,0,46860.97,organic,2021,San Francisco
13/06/2021 0:00,1.53,"356,904.87",211295.72,142122.73,3486.43,121819.81,conventional,2021,San Francisco
06/06/2021 0:00,1.18,"427,596.80",269279.73,155239.52,3077.55,116248.59,conventional,2021,San Francisco
30/05/2021 0:00,1.64,"322,237.55",153269.97,166640.08,2327.5,129098.64,conventional,2021,San Francisco
23/05/2021 0:00,1.21,"346,825.83",144841.96,200355.93,1627.93,117557.67,conventional,2021,San Francisco
13/06/2021 0:00,1.75,"9,521.31",4633.14,4880.06,8.1,45222.79,organic,2021,San Francisco
06/06/2021 0:00,1.95,"7,800.41",3146.97,4650.75,2.7,44659.28,organic,2021,San Francisco
30/05/2021 0:00,1.73,"9,319.77",4647.31,4671.12,1.35,44597.79,organic,2021,San Francisco
23/05/2021 0:00,1.88,"7,923.72",2535.32,5388.4,0,46966.14,organic,2021,San Francisco
11/07/2021 0:00,1.46,"397,062.30",217736.52,176140.09,3185.71,138927.25,conventional,2021,San Francisco
04/07/2021 0:00,1.6,"351,863.90",193809.69,155291.22,2763,120186.22,conventional,2021,San Francisco
27/06/2021 0:00,1.51,"395,296.45",251798.22,141335.55,2162.69,118897.32,conventional,2021,San Francisco
20/06/2021 0:00,1.5,"441,345.71",217587.38,220225.5,3532.83,118182.21,conventional,2021,San Francisco
11/07/2021 0:00,1.93, -   ,0,0,0,43675.45,organic,2021,San Francisco
04/07/2021 0:00,1.73, -   ,0,0,0,42941.28,organic,2021,San Francisco
27/06/2021 0:00,2, -   ,0,0,0,39668.38,organic,2021,San Francisco
20/06/2021 0:00,1.72, -   ,0,0,0,42744.7,organic,2021,San Francisco
08/08/2021 0:00,1.15,"427,310.56",197202.29,211407.05,18701.23,136903.51,conventional,2021,San Francisco
01/08/2021 0:00,1.45,"364,641.70",194507.01,158041.58,12093.11,143751.65,conventional,2021,San Francisco
25/07/2021 0:00,1.57,"281,953.27",142979.17,128261.7,10712.41,134557.76,conventional,2021,San Francisco
18/07/2021 0:00,1.52,"333,701.75",200022.04,126478.31,7201.4,132723.96,conventional,2021,San Francisco
08/08/2021 0:00,2.02,"12,598.05",4361.32,8223.19,13.55,40167.57,organic,2021,San Francisco
01/08/2021 0:00,1.82,"27,097.62",2904.35,24057.94,135.33,39743.27,organic,2021,San Francisco
25/07/2021 0:00,1.7,"59,500.82",3152,56114.67,234.15,42608.45,organic,2021,San Francisco
18/07/2021 0:00,2.07,"7,794.84",3326.85,4459.87,8.12,41636.86,organic,2021,San Francisco
05/09/2021 0:00,1.47,"441,162.76",260077.45,162964.48,18120.83,149936.39,conventional,2021,San Francisco
29/08/2021 0:00,1.58,"353,504.87",191909.9,143973.71,17621.26,148204.18,conventional,2021,San Francisco
22/08/2021 0:00,1.64,"308,624.70",163895.67,130251.74,14477.3,144563.51,conventional,2021,San Francisco
15/08/2021 0:00,1.64,"301,089.49",145790.86,147353.57,7945.05,153743.15,conventional,2021,San Francisco
05/09/2021 0:00,2.05,"8,473.28",3820.75,4647.12,5.42,41696.44,organic,2021,San Francisco
29/08/2021 0:00,2.08,"9,672.92",4834.02,4838.89,0,40124.96,organic,2021,San Francisco
22/08/2021 0:00,1.83,"15,724.94",9533.5,6187.37,4.07,42620.6,organic,2021,San Francisco
15/08/2021 0:00,2.02,"14,353.59",7736.8,6616.8,0,43889.43,organic,2021,San Francisco
03/10/2021 0:00,1.66,"303,517.61",142013.73,157284.6,4219.28,122889.61,conventional,2021,San Francisco
26/09/2021 0:00,1.61,"393,070.08",214954.79,172118.56,5996.73,127383.58,conventional,2021,San Francisco
19/09/2021 0:00,1.56,"384,923.07",218559.43,154438.42,11925.23,151986.09,conventional,2021,San Francisco
12/09/2021 0:00,1.53,"370,557.81",208563.2,144082.65,17911.97,145598.11,conventional,2021,San Francisco
03/10/2021 0:00,2.03,"8,989.11",4172.82,4816.3,0,40343.66,organic,2021,San Francisco
26/09/2021 0:00,1.82,"15,233.28",8981.25,6252.04,0,43752.59,organic,2021,San Francisco
19/09/2021 0:00,2.02,"15,181.81",9448.48,5733.32,0,45991.41,organic,2021,San Francisco
12/09/2021 0:00,2.04,"12,658.38",6659.87,5998.51,0,47326.36,organic,2021,San Francisco
31/10/2021 0:00,1.63,"280,748.11",149312.12,121634.56,9801.42,140780.62,conventional,2021,San Francisco
24/10/2021 0:00,1.07,"334,641.33",134692.58,195041.94,4906.82,127704.64,conventional,2021,San Francisco
17/10/2021 0:00,1.59,"322,847.82",180826.7,136328.94,5692.18,135147.1,conventional,2021,San Francisco
10/10/2021 0:00,1.6,"364,100.94",197736.41,161453.52,4911,130449.9,conventional,2021,San Francisco
31/10/2021 0:00,2.06,"7,424.25",3266.95,4157.3,0,43292.44,organic,2021,San Francisco
24/10/2021 0:00,2.05,"7,495.71",2826.21,4669.49,0,41219.07,organic,2021,San Francisco
17/10/2021 0:00,1.97,"7,986.12",3221.87,4764.26,0,44267.02,organic,2021,San Francisco
10/10/2021 0:00,2.01,"8,608.13",3556.09,5050.69,1.35,41803.51,organic,2021,San Francisco
28/11/2021 0:00,1.67,"240,482.56",123166.28,113588.6,3727.68,123896.89,conventional,2021,San Francisco
21/11/2021 0:00,1.66,"246,600.31",127955.26,114463.93,4181.11,129294.09,conventional,2021,San Francisco
14/11/2021 0:00,1.59,"286,572.27",165046.26,117274.13,4251.88,133745.08,conventional,2021,San Francisco
07/11/2021 0:00,1.05,"387,975.00",193160.78,187227.68,7586.54,125958.27,conventional,2021,San Francisco
28/11/2021 0:00,2.05,"7,524.09",3009.38,4514.7,0,38162.9,organic,2021,San Francisco
21/11/2021 0:00,2.08,"9,864.20",5360.39,4498.43,5.38,42489.92,organic,2021,San Francisco
14/11/2021 0:00,2.15,"7,357.65",3131.74,4224.56,1.35,37438.89,organic,2021,San Francisco
07/11/2021 0:00,2.06,"7,052.51",2954.32,4098.2,0,38094.26,organic,2021,San Francisco
26/12/2021 0:00,1.73,"251,510.13",125975.27,123228.77,2306.09,104225.25,conventional,2021,San Francisco
19/12/2021 0:00,1.64,"241,864.91",125518.87,114114.47,2231.58,119206,conventional,2021,San Francisco
12/12/2021 0:00,1.65,"220,043.20",105419.32,111723.14,2900.75,135102.35,conventional,2021,San Francisco
05/12/2021 0:00,1.05,"315,378.83",124117.27,187446.87,3814.68,121528.23,conventional,2021,San Francisco
26/12/2021 0:00,2.08,"8,474.62",3144.82,5327.12,2.69,36013.28,organic,2021,San Francisco
19/12/2021 0:00,2.01,"11,527.67",3012.56,8515.12,0,38904.11,organic,2021,San Francisco
12/12/2021 0:00,1.89,"25,644.67",3104.92,22539.74,0,38751.18,organic,2021,San Francisco
05/12/2021 0:00,1.78,"47,202.20",3191.67,44010.52,0,38984.58,organic,2021,San Francisco
04/01/2021 0:00,1.05,"241,839.31",80658.03,160889.06,292.22,71303.3,conventional,2021,Seattle
04/01/2021 0:00,1.72,"15,890.06",1144.13,14745.92,0,14733.02,organic,2021,Seattle
10/01/2021 0:00,1.15,"194,785.91",85771.72,108727.35,286.84,85456.98,conventional,2021,Seattle
10/01/2021 0:00,1.94,"12,782.49",1017.08,11759.78,5.62,13876.84,organic,2021,Seattle
17/01/2021 0:00,1.15,"170,563.26",75297.59,94986.9,278.78,73494.52,conventional,2021,Seattle
17/01/2021 0:00,1.71,"14,033.04",889,13138.42,5.62,15748.2,organic,2021,Seattle
24/01/2021 0:00,1.16,"173,996.17",86446.75,87276.31,273.12,69099.8,conventional,2021,Seattle
24/01/2021 0:00,1.74,"13,614.04",1097.99,12516.05,0,16186.41,organic,2021,Seattle
31/01/2021 0:00,1.34,"137,450.68",83415.18,53782.75,252.75,71271.73,conventional,2021,Seattle
31/01/2021 0:00,1.79,"10,945.36",1511.01,9434.35,0,17045.68,organic,2021,Seattle
07/02/2021 0:00,1.11,"170,601.73",79597.6,90715.36,288.77,73495.93,conventional,2021,Seattle
07/02/2021 0:00,1.33,"17,908.79",1122.34,16776.33,10.12,14784.92,organic,2021,Seattle
14/02/2021 0:00,1.24,"157,459.96",80129.86,77085.15,244.96,76069.44,conventional,2021,Seattle
14/02/2021 0:00,1.4,"15,057.73",1063.03,13911.53,83.17,13009.21,organic,2021,Seattle
21/02/2021 0:00,1.22,"155,179.21",81656.27,73275.23,247.71,71528.14,conventional,2021,Seattle
21/02/2021 0:00,1.81,"10,749.63",1284.65,9460.48,4.5,13522.22,organic,2021,Seattle
28/02/2021 0:00,1.24,"153,460.81",76578.84,76613.61,268.35,76881.68,conventional,2021,Seattle
28/02/2021 0:00,1.45,"19,150.40",1046.27,18104.13,0,15264.52,organic,2021,Seattle
07/03/2021 0:00,1.23,"173,302.84",81734.48,91212.6,355.76,78816.63,conventional,2021,Seattle
07/03/2021 0:00,1.46,"17,332.44",1214.38,16094.44,23.62,14922.73,organic,2021,Seattle
14/03/2021 0:00,1.34,"163,827.80",74645.24,88891.5,291.05,76452.2,conventional,2021,Seattle
14/03/2021 0:00,2.12,"8,122.14",844.01,7277,1.12,15209.41,organic,2021,Seattle
21/03/2021 0:00,1.35,"161,684.10",70164.05,91073.78,446.26,78016.09,conventional,2021,Seattle
21/03/2021 0:00,2.02,"14,531.74",879.06,13649.31,3.37,15307.45,organic,2021,Seattle
28/03/2021 0:00,1.48,"160,852.06",74550.1,86000.44,301.51,77863.3,conventional,2021,Seattle
28/03/2021 0:00,1.84,"11,030.72",1033.03,9990.95,6.74,28372.36,organic,2021,Seattle
04/04/2021 0:00,1.68,"141,814.69",77114.56,64230.09,470.04,84741.74,conventional,2021,Seattle
04/04/2021 0:00,2.01,"8,734.55",1036.24,7698.31,0,30940.99,organic,2021,Seattle
11/04/2021 0:00,1.75,"118,054.61",71941.87,45655.47,457.27,80211.97,conventional,2021,Seattle
11/04/2021 0:00,2.13,"5,634.21",1034.4,4596.45,3.36,26631.55,organic,2021,Seattle
18/04/2021 0:00,1.67,"130,432.43",82596.21,47429.62,406.6,86340.5,conventional,2021,Seattle
18/04/2021 0:00,2.2,"6,505.21",1046.23,5458.98,0,25776.91,organic,2021,Seattle
25/04/2021 0:00,1.65,"133,591.64",83032.43,50028.35,530.86,86197.18,conventional,2021,Seattle
25/04/2021 0:00,2.23,"8,264.74",1794.33,6470.41,0,20121.58,organic,2021,Seattle
02/05/2021 0:00,1.34,"173,335.17",122376.92,50484.44,473.81,72570.06,conventional,2021,Seattle
02/05/2021 0:00,1.98,"13,122.76",1374.03,11745.38,3.35,18398.42,organic,2021,Seattle
09/05/2021 0:00,1.47,"170,878.34",103756.27,66621.2,500.87,87389.98,conventional,2021,Seattle
09/05/2021 0:00,1.97,"13,184.93",1327.35,11854.19,3.38,17850.19,organic,2021,Seattle
16/05/2021 0:00,1.57,"142,547.95",84788.43,57349.27,410.24,109586,conventional,2021,Seattle
16/05/2021 0:00,1.86,"10,261.59",1364.32,8897.27,0,18314.09,organic,2021,Seattle
13/06/2021 0:00,1.54,"168,427.92",91719.93,76314.03,393.96,63120.69,conventional,2021,Seattle
06/06/2021 0:00,1.65,"155,044.61",88001.41,66596.15,447.04,67695.71,conventional,2021,Seattle
30/05/2021 0:00,1.66,"147,838.10",84826.57,62449.36,562.17,63744.35,conventional,2021,Seattle
23/05/2021 0:00,1.6,"146,215.89",89847.02,55947.81,421.05,64366.97,conventional,2021,Seattle
13/06/2021 0:00,2.32,"4,865.31",1006.24,3859.07,0,17175.56,organic,2021,Seattle
06/06/2021 0:00,2.25,"5,648.41",1094.57,4553.84,0,20226.38,organic,2021,Seattle
30/05/2021 0:00,2.24,"5,201.15",1156.28,4043.75,1.13,17735.08,organic,2021,Seattle
23/05/2021 0:00,1.87,"8,021.04",1153.57,6866.35,1.13,19700.36,organic,2021,Seattle
11/07/2021 0:00,1.49,"191,962.38",122463.89,68978.7,519.8,69054.8,conventional,2021,Seattle
04/07/2021 0:00,1.61,"186,216.12",95390.25,90179.95,645.91,74947.73,conventional,2021,Seattle
27/06/2021 0:00,1.57,"179,435.85",92975.83,85977.44,482.58,80290.16,conventional,2021,Seattle
20/06/2021 0:00,1.66,"166,689.92",86262.46,79905.63,521.81,78010.11,conventional,2021,Seattle
11/07/2021 0:00,2.18, -   ,0,0,0,17558.88,organic,2021,Seattle
04/07/2021 0:00,2.19,0.01,0,0,0,17805.64,organic,2021,Seattle
27/06/2021 0:00,2.26, -   ,0,0,0,17820.11,organic,2021,Seattle
20/06/2021 0:00,2.23, -   ,0,0,0,17377.49,organic,2021,Seattle
08/08/2021 0:00,1.52,"183,556.65",77012.44,105874.8,669.42,77658.8,conventional,2021,Seattle
01/08/2021 0:00,1.46,"169,050.22",66971.41,101654.18,424.62,80747.02,conventional,2021,Seattle
25/07/2021 0:00,1.41,"179,388.61",87491.8,91346.35,550.45,70898.56,conventional,2021,Seattle
18/07/2021 0:00,1.45,"160,050.65",95664.46,63913.8,472.38,69094.23,conventional,2021,Seattle
08/08/2021 0:00,2.28,"4,986.72",960.48,4023.99,2.25,15353.11,organic,2021,Seattle
01/08/2021 0:00,2.32,"6,245.53",1148.16,5097.37,0,15684.67,organic,2021,Seattle
25/07/2021 0:00,1.91,"7,824.53",1275.82,6540.84,7.88,16335.48,organic,2021,Seattle
18/07/2021 0:00,2,"7,812.85",983.39,6829.47,0,15397.54,organic,2021,Seattle
05/09/2021 0:00,1.42,"171,792.27",86270.67,85141.9,379.7,83913.94,conventional,2021,Seattle
29/08/2021 0:00,1.42,"172,275.08",70031.91,101741.04,502.13,80265.79,conventional,2021,Seattle
22/08/2021 0:00,1.65,"147,306.94",73697.84,72859.74,749.35,84541.09,conventional,2021,Seattle
15/08/2021 0:00,1.35,"174,898.88",91280.92,82924.79,693.18,89628.28,conventional,2021,Seattle
05/09/2021 0:00,2.43,"5,594.74",1026.11,4568.63,0,8932.61,organic,2021,Seattle
29/08/2021 0:00,2.42,"7,202.13",927.71,6274.43,0,9083.68,organic,2021,Seattle
22/08/2021 0:00,2.04,"7,589.16",1140.38,6448.78,0,9842.57,organic,2021,Seattle
15/08/2021 0:00,2.02,"7,360.13",1149.17,6210.97,0,9835.22,organic,2021,Seattle
03/10/2021 0:00,1.48,"168,942.84",113213.88,55287.22,441.74,91855.53,conventional,2021,Seattle
26/09/2021 0:00,1.62,"146,123.97",94655.18,50949.14,519.66,82483.89,conventional,2021,Seattle
19/09/2021 0:00,1.72,"126,179.49",75122.6,50539.62,517.26,91760.68,conventional,2021,Seattle
12/09/2021 0:00,1.69,"126,787.75",75570.41,50659.91,557.44,92181.51,conventional,2021,Seattle
03/10/2021 0:00,2.43,"5,072.58",937.92,4134.66,0,7623.13,organic,2021,Seattle
26/09/2021 0:00,2.28,"6,225.11",1126.12,5070.82,28.17,8023.44,organic,2021,Seattle
19/09/2021 0:00,2.48,"7,825.49",991.28,6713.68,120.53,8403.28,organic,2021,Seattle
12/09/2021 0:00,2.56,"6,135.16",1172.46,4934.54,28.16,8713.43,organic,2021,Seattle
31/10/2021 0:00,1.58,"131,061.27",88327.83,42340.08,393.36,83495.96,conventional,2021,Seattle
24/10/2021 0:00,1.62,"135,582.89",92622.76,42434.21,525.92,83789.47,conventional,2021,Seattle
17/10/2021 0:00,1.64,"131,982.19",89468.27,42120.27,393.65,85894.43,conventional,2021,Seattle
10/10/2021 0:00,1.59,"135,108.93",84064.28,50690.74,353.92,86154.22,conventional,2021,Seattle
31/10/2021 0:00,2.05,"15,801.42",1069.01,14732.41,0,6763.18,organic,2021,Seattle
24/10/2021 0:00,2.42,"8,015.56",730.23,7280.82,4.51,7083.3,organic,2021,Seattle
17/10/2021 0:00,2.44,"10,337.04",981.69,9354.22,1.13,6996.54,organic,2021,Seattle
10/10/2021 0:00,2.59,"5,411.35",917.31,4494.04,0,6909.92,organic,2021,Seattle
28/11/2021 0:00,1.65,"88,368.79",56719.66,31300.76,348.37,70257.71,conventional,2021,Seattle
21/11/2021 0:00,1.54,"120,160.39",67931.64,51822.84,405.91,72976.45,conventional,2021,Seattle
14/11/2021 0:00,1.46,"155,763.61",74943.42,80416.5,403.68,95007.42,conventional,2021,Seattle
07/11/2021 0:00,1.62,"129,086.86",89023.96,39739.2,323.7,114699.96,conventional,2021,Seattle
28/11/2021 0:00,2.42,"5,457.60",802.76,4654.84,0,6075.3,organic,2021,Seattle
21/11/2021 0:00,2.37,"5,130.17",778.11,4352.06,0,8133.56,organic,2021,Seattle
14/11/2021 0:00,2.31,"5,680.72",787,4893.72,0,7902.3,organic,2021,Seattle
07/11/2021 0:00,2.23,"9,768.86",846.8,8922.07,0,7420.88,organic,2021,Seattle
26/12/2021 0:00,1.62,"111,534.52",70354.16,40935.89,244.47,80915.92,conventional,2021,Seattle
19/12/2021 0:00,1.55,"114,576.40",76609.47,37576.44,390.48,78391.07,conventional,2021,Seattle
12/12/2021 0:00,1.49,"133,642.70",85496.38,47762.06,384.25,83205.43,conventional,2021,Seattle
05/12/2021 0:00,1.46,"139,999.72",102187.84,37382.28,429.61,76532.7,conventional,2021,Seattle
26/12/2021 0:00,2.52,"4,680.38",828.88,3845.85,5.65,6042.23,organic,2021,Seattle
19/12/2021 0:00,2.53,"4,791.79",877.61,3913.05,1.13,6673.41,organic,2021,Seattle
12/12/2021 0:00,2.46,"7,270.83",825.62,6445.22,0,6907.95,organic,2021,Seattle
05/12/2021 0:00,1.99,"8,621.97",903.82,7702.3,15.84,7977.9,organic,2021,Seattle
,,,,,,,,,
04/01/2021 0:00,0.84,"292,073.78",233586.35,57096.8,1390.62,163549.46,conventional,2021,South carolina
04/01/2021 0:00,1.31,"3,824.64",960.54,2790.93,73.17,14482.69,organic,2021,South carolina
10/01/2021 0:00,0.89,"259,917.77",211951.96,46821.83,1143.98,181361.53,conventional,2021,South carolina
10/01/2021 0:00,1.37,"3,449.14",777.29,2559.16,112.69,16377.58,organic,2021,South carolina
17/01/2021 0:00,0.93,"253,564.11",203967.58,48220.28,1376.24,175486.83,conventional,2021,South carolina
17/01/2021 0:00,1.4,"2,968.24",731.62,2135.01,101.61,17161.66,organic,2021,South carolina
24/01/2021 0:00,0.91,"273,848.07",225343.51,46713.44,1791.11,152875.35,conventional,2021,South carolina
24/01/2021 0:00,1.38,"3,029.55",575.09,2351.41,103.04,14246.05,organic,2021,South carolina
31/01/2021 0:00,0.95,"297,684.46",247721.24,48448.16,1515.06,161530.54,conventional,2021,South carolina
31/01/2021 0:00,1.41,"3,434.70",744.15,2622.63,67.91,13873.3,organic,2021,South carolina
07/02/2021 0:00,0.87,"349,688.39",284364.49,64061.71,1262.19,197565.47,conventional,2021,South carolina
07/02/2021 0:00,1.39,"2,902.97",603.35,2263.5,36.12,11932.59,organic,2021,South carolina
14/02/2021 0:00,0.93,"279,040.91",235364.73,42305.87,1370.31,158087.25,conventional,2021,South carolina
14/02/2021 0:00,1.43,"3,414.17",798.8,2529.13,86.25,11911.91,organic,2021,South carolina
21/02/2021 0:00,0.96,"293,424.29",247063.71,44942.33,1418.25,156776.66,conventional,2021,South carolina
21/02/2021 0:00,1.46,"3,352.25",776.94,2508.32,67,14287.97,organic,2021,South carolina
28/02/2021 0:00,0.99,"269,417.28",220716.24,47340.71,1360.33,173933.01,conventional,2021,South carolina
28/02/2021 0:00,1.44,"3,151.75",640.73,2461.89,49.13,14165.62,organic,2021,South carolina
07/03/2021 0:00,0.99,"272,190.13",227465.77,43707.46,1016.91,192656.36,conventional,2021,South carolina
07/03/2021 0:00,1.43,"2,915.92",563.23,2324.01,28.67,13501.18,organic,2021,South carolina
14/03/2021 0:00,1,"287,284.40",239051.15,47104.19,1129.07,171093.59,conventional,2021,South carolina
14/03/2021 0:00,1.41,"3,322.24",641.31,2646.63,34.31,14339.4,organic,2021,South carolina
21/03/2021 0:00,1.07,"264,188.10",214933.4,47987.4,1267.29,173483.38,conventional,2021,South carolina
21/03/2021 0:00,1.45,"3,670.44",800.59,2791.68,78.16,14749.76,organic,2021,South carolina
28/03/2021 0:00,1.09,"272,098.09",223139.84,47514.83,1443.43,179118.33,conventional,2021,South carolina
28/03/2021 0:00,1.6,"3,269.38",953.68,2265.21,50.5,16607.69,organic,2021,South carolina
04/04/2021 0:00,1.18,"258,374.38",212984.32,44317.26,1072.81,170717.05,conventional,2021,South carolina
04/04/2021 0:00,1.67,"3,131.51",824.72,2265.55,41.24,19532.44,organic,2021,South carolina
11/04/2021 0:00,1.16,"262,495.61",212797.28,48662.64,1035.69,171800.26,conventional,2021,South carolina
11/04/2021 0:00,1.69,"3,274.25",637.35,2606.27,30.62,20307.09,organic,2021,South carolina
18/04/2021 0:00,1.16,"286,096.92",243615.46,41465.58,1015.88,180024.35,conventional,2021,South carolina
18/04/2021 0:00,1.66,"3,449.85",889.7,2442.72,117.43,21214.31,organic,2021,South carolina
25/04/2021 0:00,1.22,"261,009.53",218681.22,41369.62,958.69,178141.28,conventional,2021,South carolina
25/04/2021 0:00,1.72,"3,376.97",715.89,2578.38,82.71,19173.74,organic,2021,South carolina
02/05/2021 0:00,1.06,"353,382.37",291133.78,60281.15,1967.43,156411.14,conventional,2021,South carolina
02/05/2021 0:00,1.62,"2,996.25",481.72,2492.12,22.41,20933.62,organic,2021,South carolina
09/05/2021 0:00,1.21,"279,722.48",232473.31,46005.73,1243.43,161303.25,conventional,2021,South carolina
09/05/2021 0:00,1.69,"3,392.76",653.59,2712.4,26.77,20141.1,organic,2021,South carolina
16/05/2021 0:00,1.23,"266,372.73",220641.13,44480.54,1251.06,165549.9,conventional,2021,South carolina
16/05/2021 0:00,1.74,"2,869.33",481.23,2368.44,19.67,17995.29,organic,2021,South carolina
13/06/2021 0:00,1.15,"261,377.73",207838.91,52105.48,1433.34,158080.59,conventional,2021,South carolina
06/06/2021 0:00,1.16,"271,224.65",220204.63,49934.32,1085.7,171258.84,conventional,2021,South carolina
30/05/2021 0:00,1.17,"280,248.41",228377.78,50731.5,1139.13,168571.57,conventional,2021,South carolina
23/05/2021 0:00,1.16,"270,957.22",224558.09,45107.98,1291.15,170760.2,conventional,2021,South carolina
13/06/2021 0:00,1.59,"2,977.01",570.75,2398.46,7.8,22772.92,organic,2021,South carolina
06/06/2021 0:00,1.69,"2,865.97",570.59,2258.43,36.96,20705.29,organic,2021,South carolina
30/05/2021 0:00,1.73,"3,314.66",826.5,2475.81,12.34,19890.24,organic,2021,South carolina
23/05/2021 0:00,1.68,"2,828.56",421.55,2395.52,11.49,20323.79,organic,2021,South carolina
11/07/2021 0:00,1.16,"244,146.24",180659.93,62476.6,1009.71,127324.03,conventional,2021,South carolina
04/07/2021 0:00,1.2,"238,483.80",170929.44,66412.37,1141.99,153881.01,conventional,2021,South carolina
27/06/2021 0:00,1.26,"217,931.73",159874.62,56885.72,1171.39,122857.91,conventional,2021,South carolina
20/06/2021 0:00,1.26,"219,974.88",162856.38,55938.18,1180.33,145146.75,conventional,2021,South carolina
11/07/2021 0:00,1.59,-0.01,0,0,0,20226.39,organic,2021,South carolina
04/07/2021 0:00,1.58,0.01,0,0,0,22233.85,organic,2021,South carolina
27/06/2021 0:00,1.47, -   ,0,0,0,25457.67,organic,2021,South carolina
20/06/2021 0:00,1.28, -   ,0,0,0,30792.19,organic,2021,South carolina
08/08/2021 0:00,1.26,"215,384.10",148887.14,65293.31,1203.65,124347.38,conventional,2021,South carolina
01/08/2021 0:00,1.17,"225,906.73",162126.95,62602.94,1176.84,136677.72,conventional,2021,South carolina
25/07/2021 0:00,1.12,"237,759.34",170780.88,65843.48,1134.98,130791.96,conventional,2021,South carolina
18/07/2021 0:00,1.1,"233,053.60",170577.77,61377.93,1097.89,144554.7,conventional,2021,South carolina
08/08/2021 0:00,1.57,"2,704.45",639.3,2045.04,20.11,20020.55,organic,2021,South carolina
01/08/2021 0:00,1.75,"2,758.41",691.74,2050.71,15.96,14168.29,organic,2021,South carolina
25/07/2021 0:00,1.62,"2,428.88",498.11,1897.81,32.95,19534.95,organic,2021,South carolina
18/07/2021 0:00,1.58,"2,805.35",453.53,2336.96,14.86,21099.73,organic,2021,South carolina
05/09/2021 0:00,1.14,"208,053.33",155261.06,51553.74,1238.53,144915.59,conventional,2021,South carolina
29/08/2021 0:00,1.14,"207,037.72",140304.27,65454.34,1279.1,179957.84,conventional,2021,South carolina
22/08/2021 0:00,1.17,"218,920.34",148539.47,69062.89,1317.98,156069.54,conventional,2021,South carolina
15/08/2021 0:00,1.19,"222,525.63",152370.8,68301.87,1852.96,147543.82,conventional,2021,South carolina
05/09/2021 0:00,1.59,"2,914.24",852.24,2052.35,9.66,18188.68,organic,2021,South carolina
29/08/2021 0:00,1.58,"3,021.14",747.11,2259.26,14.76,19062.41,organic,2021,South carolina
22/08/2021 0:00,1.69,"3,184.28",616.49,2559.34,8.45,25431.49,organic,2021,South carolina
15/08/2021 0:00,1.61,"2,754.11",693.21,2053.44,7.45,25069.35,organic,2021,South carolina
03/10/2021 0:00,1.23,"223,757.17",171268.07,51361.95,1127.16,131043.67,conventional,2021,South carolina
26/09/2021 0:00,1.18,"241,830.90",172591.46,68143.95,1095.49,142393.58,conventional,2021,South carolina
19/09/2021 0:00,1.18,"219,671.54",152837.07,65519.5,1314.96,185759.7,conventional,2021,South carolina
12/09/2021 0:00,1.2,"212,982.92",147663.37,64262.47,1057.06,158373.92,conventional,2021,South carolina
03/10/2021 0:00,1.47,"3,230.06",571.1,2656.61,2.36,21404.35,organic,2021,South carolina
26/09/2021 0:00,1.57,"3,300.95",645.2,2638.89,16.86,19720.41,organic,2021,South carolina
19/09/2021 0:00,1.71,"3,464.50",771.68,2666.09,26.74,20432.77,organic,2021,South carolina
12/09/2021 0:00,1.51,"3,197.32",654.57,2526.75,16,19947.68,organic,2021,South carolina
31/10/2021 0:00,1.24,"196,762.76",159389.96,35821.99,1550.82,132790.47,conventional,2021,South carolina
24/10/2021 0:00,1.26,"190,906.63",152019.41,37544.13,1343.1,140975.15,conventional,2021,South carolina
17/10/2021 0:00,1.27,"201,901.14",158758.28,41767.64,1375.23,134113.45,conventional,2021,South carolina
10/10/2021 0:00,1.22,"243,702.23",197582.56,44725.82,1393.85,128135.1,conventional,2021,South carolina
31/10/2021 0:00,1.43,"2,374.78",571.23,1779.38,24.17,26431.21,organic,2021,South carolina
24/10/2021 0:00,1.52,"2,872.11",616.76,2237.94,17.41,26672.98,organic,2021,South carolina
17/10/2021 0:00,1.56,"2,971.65",592.44,2360.02,19.19,22006.78,organic,2021,South carolina
10/10/2021 0:00,1.47,"2,814.00",664.06,2147.28,2.66,25160.23,organic,2021,South carolina
28/11/2021 0:00,1.16,"177,633.29",145277.84,31390.31,965.13,109193.54,conventional,2021,South carolina
21/11/2021 0:00,1.19,"183,195.82",146230.84,35581.94,1383.04,126705.02,conventional,2021,South carolina
14/11/2021 0:00,1.15,"199,505.53",159464.12,38573.83,1467.59,135426.78,conventional,2021,South carolina
07/11/2021 0:00,1.24,"191,261.51",152873.19,36909.51,1478.81,138014.03,conventional,2021,South carolina
28/11/2021 0:00,1.55,"2,294.71",652.1,1642.62,0,19413.45,organic,2021,South carolina
21/11/2021 0:00,1.54,"2,435.71",555.41,1869.11,11.19,23940.79,organic,2021,South carolina
14/11/2021 0:00,1.54,"2,485.50",606.93,1857.47,21.11,23184.4,organic,2021,South carolina
07/11/2021 0:00,1.53,"2,546.38",576.27,1959.54,10.57,22470.95,organic,2021,South carolina
26/12/2021 0:00,1.13,"186,529.16",150854.3,34610.88,1063.99,134097.57,conventional,2021,South carolina
19/12/2021 0:00,1.17,"164,387.91",129531.51,33828.4,1028,132721.12,conventional,2021,South carolina
12/12/2021 0:00,1.15,"178,108.32",143851.2,33010.9,1246.22,137380.81,conventional,2021,South carolina
05/12/2021 0:00,1.14,"185,642.29",149274.78,34675.47,1692.03,139526.23,conventional,2021,South carolina
26/12/2021 0:00,1.53,"2,073.31",563.09,1510.21,0,21999.76,organic,2021,South carolina
19/12/2021 0:00,1.52,"2,199.59",594.89,1598.77,5.94,24658.21,organic,2021,South carolina
12/12/2021 0:00,1.52,"2,264.34",644.74,1618.41,1.19,26244.45,organic,2021,South carolina
05/12/2021 0:00,1.51,"2,422.81",665.23,1750.47,7.11,23031.91,organic,2021,South carolina
04/01/2021 0:00,0.62,"4,038,082.63",2712266.15,1162292.76,163523.72,1491236.83,conventional,2021,South central
04/01/2021 0:00,1.28,"17,949.81",15411.84,1023.95,1514.01,88955.23,organic,2021,South central
10/01/2021 0:00,0.64,"3,626,436.53",2673986.48,867329.44,85120.61,2117367.08,conventional,2021,South central
10/01/2021 0:00,1.2,"70,788.01",14618.84,6705.12,49464.05,100385.17,organic,2021,South central
17/01/2021 0:00,0.69,"3,639,146.85",2791187.82,735173.22,112785.81,1745099.12,conventional,2021,South central
17/01/2021 0:00,1.35,"24,603.51",12015.99,2021.4,10566.11,102102.44,organic,2021,South central
24/01/2021 0:00,0.68,"3,559,686.25",2645683.18,829796.64,84206.43,1712742.81,conventional,2021,South central
24/01/2021 0:00,1.16,"33,710.54",18147.15,13042.17,2521.21,97776.26,organic,2021,South central
31/01/2021 0:00,0.7,"3,655,608.17",2711449.01,849783.89,94375.28,1704978,conventional,2021,South central
31/01/2021 0:00,1.32,"22,227.96",11270.55,9085.55,1871.85,101593.04,organic,2021,South central
07/02/2021 0:00,0.65,"4,423,786.94",3237871.01,986577.55,199338.38,2033255.84,conventional,2021,South central
07/02/2021 0:00,1.28,"16,145.22",9414.6,4796.09,1934.52,106102.37,organic,2021,South central
14/02/2021 0:00,0.69,"4,006,500.43",3009068.53,884261.37,113170.54,1864070.69,conventional,2021,South central
14/02/2021 0:00,1.32,"27,265.54",13287.36,11538.51,2439.67,109171.12,organic,2021,South central
21/02/2021 0:00,0.7,"2,775,902.47",2123648.48,597619.73,54634.26,1270675.13,conventional,2021,South central
21/02/2021 0:00,1.27,"62,839.37",9159.21,13708.3,39971.87,67136.28,organic,2021,South central
28/02/2021 0:00,0.69,"3,575,190.14",2637229.03,830311.81,107649.3,1691233.21,conventional,2021,South central
28/02/2021 0:00,1.31,"25,495.49",10816.33,5410.79,9268.37,114627.27,organic,2021,South central
07/03/2021 0:00,0.7,"3,869,675.75",2866197.97,847014.08,156463.7,1715801.69,conventional,2021,South central
07/03/2021 0:00,1.19,"16,006.87",8840.03,5102.33,2064.52,151366.91,organic,2021,South central
14/03/2021 0:00,0.74,"3,634,681.91",2852776.17,672303.84,109601.91,1814141.78,conventional,2021,South central
14/03/2021 0:00,1.29,"16,427.06",10219.2,4613.13,1594.73,106671.45,organic,2021,South central
21/03/2021 0:00,0.73,"3,709,504.64",2613320.32,918255.3,177929.02,1647594.73,conventional,2021,South central
21/03/2021 0:00,1.23,"16,758.52",12438.82,3107.38,1212.33,122993.32,organic,2021,South central
28/03/2021 0:00,0.87,"3,140,005.19",2317632.9,740880.5,81491.79,1640350.27,conventional,2021,South central
28/03/2021 0:00,1.4,"14,141.50",8200.88,4073.99,1866.63,110839.97,organic,2021,South central
04/04/2021 0:00,0.88,"3,451,085.29",2651478.88,711217.6,88388.81,1767592.08,conventional,2021,South central
04/04/2021 0:00,1.35,"13,399.11",9607.1,2678.26,1113.76,140823.48,organic,2021,South central
11/04/2021 0:00,0.91,"3,214,792.79",2533493.39,598550.32,82749.08,1589147.04,conventional,2021,South central
11/04/2021 0:00,1.44,"21,762.63",17701.47,2477.13,1584.03,114808.57,organic,2021,South central
18/04/2021 0:00,0.92,"3,199,739.59",2539559.46,584067.29,76112.84,1664418.85,conventional,2021,South central
18/04/2021 0:00,1.44,"23,114.41",20314.28,2612.43,187.7,114113.79,organic,2021,South central
25/04/2021 0:00,0.88,"3,430,186.27",2806011.43,536603.63,87571.22,1574623.96,conventional,2021,South central
25/04/2021 0:00,1.56,"51,684.21",48745.97,2906,32.25,110036.14,organic,2021,South central
02/05/2021 0:00,0.91,"3,400,509.88",2723816.71,578386.93,98306.24,1617494.57,conventional,2021,South central
02/05/2021 0:00,1.57,"37,564.13",33252.8,4311.33,0,111076.76,organic,2021,South central
09/05/2021 0:00,0.91,"3,488,084.54",2788985.68,583429.02,115669.84,1572898.3,conventional,2021,South central
09/05/2021 0:00,1.52,"22,291.61",20182.84,2108.77,0,110255.52,organic,2021,South central
16/05/2021 0:00,0.9,"3,284,791.49",2522040.81,659404.72,103345.96,1606635.75,conventional,2021,South central
16/05/2021 0:00,1.59,"36,339.82",34009.54,2328.75,1.53,102329.07,organic,2021,South central
13/06/2021 0:00,0.83,"3,578,474.16",2735389.02,746372.96,96712.19,1919275.5,conventional,2021,South central
06/06/2021 0:00,0.88,"3,510,680.98",2618043.22,804213.91,88423.85,1634699.13,conventional,2021,South central
30/05/2021 0:00,0.89,"3,568,411.42",2698716.28,763430.38,106264.76,1650989.46,conventional,2021,South central
23/05/2021 0:00,0.88,"3,248,833.44",2394358.97,760606.09,93868.37,1570863.75,conventional,2021,South central
13/06/2021 0:00,1.56,"11,499.15",9781.55,1717.6,0,95138.16,organic,2021,South central
06/06/2021 0:00,1.52,"11,552.51",9962.8,1589.71,0,106769.34,organic,2021,South central
30/05/2021 0:00,1.53,"12,448.60",10466.32,1980.71,1.58,104904.36,organic,2021,South central
23/05/2021 0:00,1.49,"15,639.44",14040.24,1599.2,0,114707.87,organic,2021,South central
11/07/2021 0:00,0.81,"3,552,528.41",2642282.17,753147.38,157098.85,1753253.92,conventional,2021,South central
04/07/2021 0:00,0.86,"3,600,374.44",2713877.77,728768.59,157728.09,1686013.42,conventional,2021,South central
27/06/2021 0:00,0.86,"3,558,548.52",2757409.49,680729.98,120409.04,1574495.85,conventional,2021,South central
20/06/2021 0:00,0.91,"3,410,712.84",2468954.92,840063.2,101694.71,1663982.57,conventional,2021,South central
11/07/2021 0:00,1.49, -   ,0,0,0,74994.89,organic,2021,South central
04/07/2021 0:00,1.46, -   ,0,0,0,108394.41,organic,2021,South central
27/06/2021 0:00,1.46, -   ,0,0,0,103679.66,organic,2021,South central
20/06/2021 0:00,1.48, -   ,0,0,0,104863.54,organic,2021,South central
08/08/2021 0:00,0.83,"3,164,439.21",2324092.72,711592.94,128753.56,1690756.28,conventional,2021,South central
01/08/2021 0:00,0.87,"2,928,601.79",2057308.67,742925.36,128367.77,1695802.38,conventional,2021,South central
25/07/2021 0:00,0.79,"3,488,050.80",2628754.55,712431.85,146864.4,1766448.38,conventional,2021,South central
18/07/2021 0:00,0.79,"3,441,903.81",2562811.21,746010.15,133082.45,1752279.44,conventional,2021,South central
08/08/2021 0:00,1.58,"34,046.77",30578.72,3463.42,4.64,87881.39,organic,2021,South central
01/08/2021 0:00,1.55,"18,891.24",17088.97,1775.35,26.93,89803.02,organic,2021,South central
25/07/2021 0:00,1.5,"14,876.75",12889.77,1956.68,30.3,85876.25,organic,2021,South central
18/07/2021 0:00,1.49,"12,867.91",10948.69,1914.37,4.84,83529.39,organic,2021,South central
05/09/2021 0:00,0.88,"3,189,083.02",2255828.43,800516.46,132738.13,1698923.08,conventional,2021,South central
29/08/2021 0:00,0.85,"3,224,530.84",2289542.3,798574.03,136414.51,1648816.49,conventional,2021,South central
22/08/2021 0:00,0.82,"2,992,076.94",2238565.88,663239.2,90271.86,1963721.23,conventional,2021,South central
15/08/2021 0:00,0.83,"3,220,097.10",2387460.81,690100.75,142535.54,1522685.99,conventional,2021,South central
05/09/2021 0:00,1.55,"30,083.99",25967.01,4116.98,0,99867.87,organic,2021,South central
29/08/2021 0:00,1.49,"30,402.61",22948.66,7453.95,0,104591.03,organic,2021,South central
22/08/2021 0:00,1.53,"13,466.05",10686.62,2777.63,1.8,66720.17,organic,2021,South central
15/08/2021 0:00,1.57,"20,816.99",18441.99,2375,0,52589.68,organic,2021,South central
03/10/2021 0:00,0.99,"2,158,273.78",1708660.18,341377.71,108235.88,1227880.36,conventional,2021,South central
26/09/2021 0:00,0.93,"3,070,874.52",2296874.09,662674.1,111326.33,1541653.9,conventional,2021,South central
19/09/2021 0:00,0.95,"2,996,150.25",2207381.36,683421.3,105347.6,1550075.66,conventional,2021,South central
12/09/2021 0:00,0.91,"3,086,017.10",2271291.17,694646.11,120079.83,1572107.83,conventional,2021,South central
03/10/2021 0:00,1.52,"21,751.68",18250.76,3500.91,0,85971.08,organic,2021,South central
26/09/2021 0:00,1.52,"18,204.45",16573.56,1630.89,0,95415.02,organic,2021,South central
19/09/2021 0:00,1.51,"17,880.77",15741.01,2139.77,0,98892.82,organic,2021,South central
12/09/2021 0:00,1.54,"17,921.74",15728.05,2193.69,0,100796.99,organic,2021,South central
31/10/2021 0:00,0.87,"2,183,276.17",1754726.61,353818.09,74731.47,1907652.14,conventional,2021,South central
24/10/2021 0:00,0.97,"2,178,085.39",1764443.92,338594.46,75047.01,1405097.42,conventional,2021,South central
17/10/2021 0:00,1,"2,223,328.89",1788298.21,341788.32,93242.36,1306477.26,conventional,2021,South central
10/10/2021 0:00,0.99,"2,256,795.36",1818971.97,345499.46,92323.94,1402497.31,conventional,2021,South central
31/10/2021 0:00,1.57,"28,660.72",24842.62,3814.87,3.24,88646.85,organic,2021,South central
24/10/2021 0:00,1.55,"21,025.52",18482.62,2541.37,1.54,85568.41,organic,2021,South central
17/10/2021 0:00,1.53,"15,619.05",13710.18,1908.88,0,86906.17,organic,2021,South central
10/10/2021 0:00,1.63,"37,329.19",33096.35,4223.85,8.99,79499.57,organic,2021,South central
28/11/2021 0:00,0.96,"1,679,031.09",1235301.05,381992.19,61737.85,1391675.05,conventional,2021,South central
21/11/2021 0:00,0.98,"1,866,172.37",1412364.36,382866.36,70941.65,1373700.8,conventional,2021,South central
14/11/2021 0:00,0.95,"1,993,912.38",1540469.82,390880.06,62562.49,1599803.2,conventional,2021,South central
07/11/2021 0:00,0.96,"1,929,772.24",1508795.61,349987.42,70989.21,1448862.3,conventional,2021,South central
28/11/2021 0:00,1.56,"13,520.13",10965.75,2554.39,0,73499.35,organic,2021,South central
21/11/2021 0:00,1.54,"13,333.26",11767.04,1566.21,0,87698.46,organic,2021,South central
14/11/2021 0:00,1.52,"15,355.10",12725.48,2629.62,0,99045.12,organic,2021,South central
07/11/2021 0:00,1.56,"24,650.52",21093.69,3556.83,0,96132.08,organic,2021,South central
26/12/2021 0:00,0.94,"1,965,478.31",1529933.51,376193.34,59351.46,1482125.65,conventional,2021,South central
19/12/2021 0:00,0.95,"1,993,837.91",1512648.21,423311.24,57878.45,1401517.23,conventional,2021,South central
12/12/2021 0:00,0.92,"2,234,707.93",1651420.45,528578.08,54709.4,1534116.72,conventional,2021,South central
05/12/2021 0:00,0.93,"2,238,511.97",1654720.53,521964.79,61826.65,1321552.71,conventional,2021,South central
26/12/2021 0:00,1.46,"14,063.84",12304.17,1759.67,0,91644.47,organic,2021,South central
19/12/2021 0:00,1.5,"11,833.42",10708.22,1125.2,0,88892.34,organic,2021,South central
12/12/2021 0:00,1.44,"14,892.04",12723.44,2168.59,0,102635.7,organic,2021,South central
05/12/2021 0:00,1.54,"16,362.17",13580.05,2782.13,0,89248.27,organic,2021,South central
04/01/2021 0:00,0.77,"2,745,418.31",2436409.73,306664.15,2344.43,1508427.19,conventional,2021,Southeast
04/01/2021 0:00,1.12,"10,543.58",1910.74,8546.41,86.42,181994.57,organic,2021,Southeast
10/01/2021 0:00,0.83,"2,662,564.12",2422117.02,238332.5,2114.59,1664116.95,conventional,2021,Southeast
10/01/2021 0:00,1.15,"10,620.32",1928.51,8563.85,127.96,204132.31,organic,2021,Southeast
17/01/2021 0:00,0.83,"2,627,913.33",2389384.37,236216.07,2312.89,1798784.66,conventional,2021,Southeast
17/01/2021 0:00,1.17,"9,446.84",1648.83,7681.34,116.67,206958.24,organic,2021,Southeast
24/01/2021 0:00,0.84,"2,820,416.35",2569516.22,248129.72,2770.41,1688175.28,conventional,2021,Southeast
24/01/2021 0:00,1.18,"9,868.56",1673.61,8077.31,117.63,190736.34,organic,2021,Southeast
31/01/2021 0:00,0.86,"3,100,906.17",2848489.44,249917.16,2499.56,1705132.51,conventional,2021,Southeast
31/01/2021 0:00,1.2,"9,790.80",1536.96,8178.98,74.86,182743.81,organic,2021,Southeast
07/02/2021 0:00,0.82,"3,602,038.60",3250381.88,349526.01,2130.71,1929605.66,conventional,2021,Southeast
07/02/2021 0:00,1.13,"9,730.54",1749.37,7941.18,40,193763.94,organic,2021,Southeast
14/02/2021 0:00,0.84,"2,820,310.73",2574809.71,243251.49,2249.52,1690664.15,conventional,2021,Southeast
14/02/2021 0:00,1.21,"9,906.29",2234.34,7574.02,97.92,180877.37,organic,2021,Southeast
21/02/2021 0:00,0.86,"3,054,904.60",2817140.93,235323.61,2440.06,1614760.66,conventional,2021,Southeast
21/02/2021 0:00,1.22,"8,654.42",1518.97,7059.22,76.23,189416.16,organic,2021,Southeast
28/02/2021 0:00,0.93,"2,692,598.27",2440939.48,249488.81,2169.99,1709756.84,conventional,2021,Southeast
28/02/2021 0:00,1.25,"9,628.68",1882.55,7692.14,54,183620.51,organic,2021,Southeast
07/03/2021 0:00,0.95,"2,612,825.67",2378209.38,232553.29,2063,1818002.13,conventional,2021,Southeast
07/03/2021 0:00,1.26,"8,403.05",1476.14,6891.96,34.95,194880.23,organic,2021,Southeast
14/03/2021 0:00,0.94,"2,612,162.96",2399762.72,210435.62,1964.64,1764697.51,conventional,2021,Southeast
14/03/2021 0:00,1.24,"9,319.98",1406.87,7875.51,37.6,202615.17,organic,2021,Southeast
21/03/2021 0:00,0.97,"2,621,295.21",2374346.84,244858.31,2090.05,1738708.43,conventional,2021,Southeast
21/03/2021 0:00,1.3,"9,593.00",1577.14,7930.34,85.53,200256.85,organic,2021,Southeast
28/03/2021 0:00,1.03,"2,533,864.39",2281192.02,250517.87,2154.51,1756796.02,conventional,2021,Southeast
28/03/2021 0:00,1.37,"9,393.59",1643.42,7695.35,54.82,204209.92,organic,2021,Southeast
04/04/2021 0:00,1.05,"2,432,253.06",2213951.46,216496.23,1805.37,1740941.12,conventional,2021,Southeast
04/04/2021 0:00,1.43,"8,560.97",1421.87,7093.9,45.2,191399.18,organic,2021,Southeast
11/04/2021 0:00,1.05,"2,626,101.65",2402895.31,221523.73,1682.6,1680243.66,conventional,2021,Southeast
11/04/2021 0:00,1.43,"9,411.65",1369.05,8004.55,38.05,214444.24,organic,2021,Southeast
18/04/2021 0:00,1.14,"2,572,894.17",2359546.56,211683.53,1664.08,1739499.5,conventional,2021,Southeast
18/04/2021 0:00,1.42,"9,356.98",1730.53,7489.37,137.07,213366.19,organic,2021,Southeast
25/04/2021 0:00,1.15,"2,579,313.96",2371019.98,206809.7,1484.29,1741135.34,conventional,2021,Southeast
25/04/2021 0:00,1.41,"9,337.50",1445.34,7796.2,95.97,222749.27,organic,2021,Southeast
02/05/2021 0:00,1.07,"3,266,692.83",3012408.5,251312.52,2971.8,1632215.6,conventional,2021,Southeast
02/05/2021 0:00,1.36,"9,043.64",998.94,8017.11,27.57,208301.73,organic,2021,Southeast
09/05/2021 0:00,1.17,"2,495,007.73",2289182.96,203863.56,1961.21,1656106.42,conventional,2021,Southeast
09/05/2021 0:00,1.4,"9,588.73",1309.64,8250.4,28.68,225459.08,organic,2021,Southeast
16/05/2021 0:00,1.18,"2,391,566.19",2183423.68,206157.62,1984.88,1661560.56,conventional,2021,Southeast
16/05/2021 0:00,1.44,"8,511.00",1076.48,7413.39,21.13,213779.95,organic,2021,Southeast
13/06/2021 0:00,1.14,"2,388,581.98",2176072.29,210193.73,2315.96,1691873.36,conventional,2021,Southeast
06/06/2021 0:00,1.12,"2,352,439.64",2146947.11,203567.44,1925.09,1875654.22,conventional,2021,Southeast
30/05/2021 0:00,1.15,"2,500,940.64",2295867.7,203218.97,1853.97,1708773.96,conventional,2021,Southeast
23/05/2021 0:00,1.15,"2,454,498.73",2253557.67,198791.05,2150.01,1710657.34,conventional,2021,Southeast
13/06/2021 0:00,1.43,"9,714.49",2198.42,7507.74,8.33,224376.27,organic,2021,Southeast
06/06/2021 0:00,1.42,"9,009.46",1728.2,7242.18,39.08,222162.89,organic,2021,Southeast
30/05/2021 0:00,1.4,"9,735.94",1909.02,7809.24,17.67,248284.25,organic,2021,Southeast
23/05/2021 0:00,1.28,"9,128.17",1195.42,7920.43,12.32,294341.38,organic,2021,Southeast
11/07/2021 0:00,1,"2,334,959.05",2086618.47,246441.3,1899.28,1683184.98,conventional,2021,Southeast
04/07/2021 0:00,1.02,"2,428,416.51",2173923.48,252128.71,2364.34,1765254.24,conventional,2021,Southeast
27/06/2021 0:00,1.12,"2,301,699.75",2067964.41,231418.71,2316.63,1599917.43,conventional,2021,Southeast
20/06/2021 0:00,1.16,"2,241,315.00",2010856.83,228611.68,1846.49,1665047.04,conventional,2021,Southeast
11/07/2021 0:00,1.47,-0.01,0,0,0,152607.39,organic,2021,Southeast
04/07/2021 0:00,1.49, -   ,0,0,0,220964.18,organic,2021,Southeast
27/06/2021 0:00,1.44, -   ,0,0,0,202935.32,organic,2021,Southeast
20/06/2021 0:00,1.33,0.01,0,0,0,252816.53,organic,2021,Southeast
08/08/2021 0:00,1.13,"2,138,347.23",1834448.12,302006.59,1892.52,1339902.51,conventional,2021,Southeast
01/08/2021 0:00,1.11,"2,124,499.82",1825278.55,297274.58,1946.68,1395964.54,conventional,2021,Southeast
25/07/2021 0:00,0.97,"2,333,457.04",1996162.56,335062.14,2232.34,1727913.3,conventional,2021,Southeast
18/07/2021 0:00,0.96,"2,360,520.23",2052267.23,306362.04,1890.96,1864121.34,conventional,2021,Southeast
08/08/2021 0:00,1.49,"8,565.74",1600.62,6943.68,21.44,172737.28,organic,2021,Southeast
01/08/2021 0:00,1.54,"9,710.29",1781.8,7908.41,20.08,160244.17,organic,2021,Southeast
25/07/2021 0:00,1.51,"7,899.56",1297.87,6566.51,35.18,171051.79,organic,2021,Southeast
18/07/2021 0:00,1.46,"8,616.47",1436.9,7151.66,27.92,175207.12,organic,2021,Southeast
05/09/2021 0:00,1.12,"2,082,611.10",1847583.74,233179.41,1847.94,1532311.73,conventional,2021,Southeast
29/08/2021 0:00,1.09,"2,024,879.36",1768176.53,254842.94,1859.9,1606187.83,conventional,2021,Southeast
22/08/2021 0:00,1.07,"2,071,653.47",1812039.57,257627.07,1986.84,1649915.05,conventional,2021,Southeast
15/08/2021 0:00,1.1,"2,093,748.01",1806122.15,284943.97,2681.89,1594786.62,conventional,2021,Southeast
05/09/2021 0:00,1.44,"10,012.37",1995.62,8006.73,10.02,245341.63,organic,2021,Southeast
29/08/2021 0:00,1.44,"9,890.74",2042.83,7831.71,16.2,230030.49,organic,2021,Southeast
22/08/2021 0:00,1.6,"11,144.24",1669.96,9465.56,8.72,208017.8,organic,2021,Southeast
15/08/2021 0:00,1.52,"8,884.24",1647.71,7228.72,7.8,211426.79,organic,2021,Southeast
03/10/2021 0:00,1.14,"2,367,450.44",2144412.42,219502.75,3535.27,1163348.63,conventional,2021,Southeast
26/09/2021 0:00,1.21,"1,932,577.06",1675945.5,254745.98,1885.57,1371915.19,conventional,2021,Southeast
19/09/2021 0:00,1.16,"2,023,448.48",1762623.4,258852.3,1972.78,1525687.2,conventional,2021,Southeast
12/09/2021 0:00,1.16,"1,951,769.48",1727293.21,222816.67,1659.59,1434407.71,conventional,2021,Southeast
03/10/2021 0:00,1.14,"10,455.26",1776.69,8676.17,2.41,300083.09,organic,2021,Southeast
26/09/2021 0:00,1.38,"9,669.41",1703.81,7946.66,18.95,183555.02,organic,2021,Southeast
19/09/2021 0:00,1.74,"9,514.64",2010.9,7475.38,28.36,175939.09,organic,2021,Southeast
12/09/2021 0:00,1.35,"10,004.53",1788.69,8198.77,17.07,232981.86,organic,2021,Southeast
31/10/2021 0:00,1.1,"2,044,632.23",1884188.03,157323.53,3120.67,1153949.7,conventional,2021,Southeast
24/10/2021 0:00,1.11,"2,097,797.23",1930202.72,164019.98,3574.54,1163198.51,conventional,2021,Southeast
17/10/2021 0:00,1.11,"2,115,939.84",1941127.69,170436.43,4375.72,1166551.92,conventional,2021,Southeast
10/10/2021 0:00,1.15,"2,471,089.87",2281765.15,184803.43,4521.3,1097960.03,conventional,2021,Southeast
31/10/2021 0:00,1.04,"8,783.92",1767.54,6990.7,25.68,375445.63,organic,2021,Southeast
24/10/2021 0:00,1.1,"8,253.72",1496.67,6738.41,18.64,343073.55,organic,2021,Southeast
17/10/2021 0:00,1.12,"8,288.50",1347.28,6920.47,20.76,288881.71,organic,2021,Southeast
10/10/2021 0:00,1.03,"8,590.46",1670.11,6917.52,2.84,344690.68,organic,2021,Southeast
28/11/2021 0:00,1.06,"2,041,067.14",1905194.86,134099.85,1772.43,919750.61,conventional,2021,Southeast
21/11/2021 0:00,1.12,"1,903,192.78",1747631.46,153366.54,2194.78,1053742.81,conventional,2021,Southeast
14/11/2021 0:00,1.09,"1,988,037.66",1821921.86,163897.79,2218.01,1139864.75,conventional,2021,Southeast
07/11/2021 0:00,1.12,"1,966,759.96",1816664.93,147351.9,2743.13,1164653.04,conventional,2021,Southeast
28/11/2021 0:00,1.05,"8,534.04",2430.3,6103.73,0,305338.2,organic,2021,Southeast
21/11/2021 0:00,1.07,"8,226.46",1712.87,6501.9,11.69,348372.87,organic,2021,Southeast
14/11/2021 0:00,1.02,"7,550.81",1456.45,6071.83,22.53,359550.56,organic,2021,Southeast
07/11/2021 0:00,1.04,"8,361.40",1357.36,6992.76,11.29,342818.96,organic,2021,Southeast
26/12/2021 0:00,1.04,"2,162,406.77",2009531.32,151103.34,1772.3,1008985.37,conventional,2021,Southeast
19/12/2021 0:00,1.11,"1,867,427.01",1713407.32,152340.34,1679.34,1077001.03,conventional,2021,Southeast
12/12/2021 0:00,1.1,"2,058,885.71",1892167.43,164558.78,2159.51,1102299.48,conventional,2021,Southeast
05/12/2021 0:00,1.09,"2,003,704.63",1849758.29,151283.3,2663.05,1068529.31,conventional,2021,Southeast
26/12/2021 0:00,1.08,"6,441.99",1447.49,4994.49,0,366472.42,organic,2021,Southeast
19/12/2021 0:00,1.06,"6,732.53",1380.18,5345.27,7.1,392763.89,organic,2021,Southeast
12/12/2021 0:00,1.05,"7,237.94",1730.86,5505.88,1.21,391467.12,organic,2021,Southeast
05/12/2021 0:00,1.03,"8,379.02",2385.21,5986.18,7.64,380690.38,organic,2021,Southeast
04/01/2021 0:00,0.88,"40,282.81",18703.11,21553.1,26.6,13509.33,conventional,2021,Spokane
04/01/2021 0:00,1.76,946.47,72.07,874.4,0,875.18,organic,2021,Spokane
10/01/2021 0:00,0.93,"36,130.47",19869.44,16253.94,7.09,20069.56,conventional,2021,Spokane
10/01/2021 0:00,1.86,"1,386.93",152.63,1234.3,0,873.73,organic,2021,Spokane
17/01/2021 0:00,0.98,"31,879.83",18707,13148,24.83,14276.25,conventional,2021,Spokane
17/01/2021 0:00,1.87,896.81,121.1,775.71,0,843.41,organic,2021,Spokane
24/01/2021 0:00,0.97,"32,971.45",19510.03,13449.03,12.39,14142.62,conventional,2021,Spokane
24/01/2021 0:00,1.85,936.48,178.7,757.77,0,851.68,organic,2021,Spokane
31/01/2021 0:00,1.1,"27,493.26",19120.04,8366.23,6.99,13886.51,conventional,2021,Spokane
31/01/2021 0:00,1.78,"1,217.84",150.4,1067.44,0,869.66,organic,2021,Spokane
07/02/2021 0:00,0.94,"34,213.01",18900.46,15241.87,70.69,14982.05,conventional,2021,Spokane
07/02/2021 0:00,1.91,916.12,147.11,769.02,0,831.08,organic,2021,Spokane
14/02/2021 0:00,1.01,"30,516.58",19327.32,11110.7,78.56,14617.34,conventional,2021,Spokane
14/02/2021 0:00,1.87,865.4,95.41,769.99,0,904.44,organic,2021,Spokane
21/02/2021 0:00,0.99,"31,226.09",19939.8,11277.1,9.19,14038.36,conventional,2021,Spokane
21/02/2021 0:00,1.6,"1,212.30",219.98,992.32,0,860.08,organic,2021,Spokane
28/02/2021 0:00,1.02,"30,427.53",19444.27,10967.62,15.64,15101.73,conventional,2021,Spokane
28/02/2021 0:00,1.78,"1,458.34",166.92,1291.42,0,861.39,organic,2021,Spokane
07/03/2021 0:00,1.02,"32,527.62",18835.47,13627.65,64.5,15832.85,conventional,2021,Spokane
07/03/2021 0:00,1.89,"1,162.08",164.37,997.7,0,931.61,organic,2021,Spokane
14/03/2021 0:00,1.08,"28,818.17",17062.51,11731.42,24.23,15942.37,conventional,2021,Spokane
14/03/2021 0:00,2.05,914.5,164.64,749.86,0,950.91,organic,2021,Spokane
21/03/2021 0:00,1.11,"29,933.61",16452.7,13422.2,58.7,15642.2,conventional,2021,Spokane
21/03/2021 0:00,1.91,"1,273.35",97.74,1175.6,0,997.76,organic,2021,Spokane
28/03/2021 0:00,1.25,"27,875.75",15921.28,11950.99,3.48,16397.16,conventional,2021,Spokane
28/03/2021 0:00,2.1,867.56,175.9,691.67,0,934.37,organic,2021,Spokane
04/04/2021 0:00,1.38,"26,474.42",17983.61,8443.99,46.82,17767.61,conventional,2021,Spokane
04/04/2021 0:00,2.45,813.88,104.28,709.6,0,912.45,organic,2021,Spokane
11/04/2021 0:00,1.4,"25,077.86",18775.83,6256.78,45.25,15270.26,conventional,2021,Spokane
11/04/2021 0:00,2.5,803.27,166.55,636.72,0,1000.52,organic,2021,Spokane
18/04/2021 0:00,1.32,"28,054.20",20113.6,7922.97,17.62,17926.41,conventional,2021,Spokane
18/04/2021 0:00,2.45,680.36,116.12,564.24,0,1292.81,organic,2021,Spokane
25/04/2021 0:00,1.33,"26,503.41",19656.77,6803.49,43.15,15770.1,conventional,2021,Spokane
25/04/2021 0:00,2.34,949.85,171.19,778.66,0,1130.06,organic,2021,Spokane
02/05/2021 0:00,1.16,"30,239.07",23466.2,6748.58,24.29,14919.4,conventional,2021,Spokane
02/05/2021 0:00,2.19,"1,316.26",230.71,1085.55,0,992.25,organic,2021,Spokane
09/05/2021 0:00,1.35,"31,097.16",20807.07,10249.99,40.11,16514.55,conventional,2021,Spokane
09/05/2021 0:00,2.22,"1,057.24",146.79,910.44,0,1072.18,organic,2021,Spokane
16/05/2021 0:00,1.32,"27,418.66",19530.66,7856.7,31.3,21078.73,conventional,2021,Spokane
16/05/2021 0:00,2.51,645.37,154.86,490.51,0,788.29,organic,2021,Spokane
13/06/2021 0:00,1.23,"29,567.97",20039.84,9488.39,39.75,14068.62,conventional,2021,Spokane
06/06/2021 0:00,1.36,"29,504.58",21121.42,8306.94,76.23,14601.48,conventional,2021,Spokane
30/05/2021 0:00,1.39,"28,405.16",20260.75,8045.94,98.46,13847.22,conventional,2021,Spokane
23/05/2021 0:00,1.33,"27,513.58",20125.92,7354.81,32.86,14516.39,conventional,2021,Spokane
13/06/2021 0:00,2.43,570.68,88.44,482.24,0,873.73,organic,2021,Spokane
06/06/2021 0:00,2.39,707.25,163,544.25,0,945.39,organic,2021,Spokane
30/05/2021 0:00,2.31,760.59,179.88,578.98,1.73,884.76,organic,2021,Spokane
23/05/2021 0:00,2.38,716.29,195.48,520.8,0,1008.79,organic,2021,Spokane
11/07/2021 0:00,1.24,"36,065.50",27383.49,8639.21,42.8,13869.36,conventional,2021,Spokane
04/07/2021 0:00,1.31,"39,551.69",24649.25,14839.39,63.06,16646.07,conventional,2021,Spokane
27/06/2021 0:00,1.3,"33,675.11",21182.9,12345.93,146.29,15725.72,conventional,2021,Spokane
20/06/2021 0:00,1.36,"30,234.95",19817.34,10405.55,12.07,15855.85,conventional,2021,Spokane
11/07/2021 0:00,2.03,0.01,0,0,0,989.49,organic,2021,Spokane
04/07/2021 0:00,2.14, -   ,0,0,0,996.45,organic,2021,Spokane
27/06/2021 0:00,2.29, -   ,0,0,0,1014.3,organic,2021,Spokane
20/06/2021 0:00,2.34, -   ,0,0,0,1000.52,organic,2021,Spokane
08/08/2021 0:00,1.26,"33,212.34",18975.6,14223.06,13.67,14111.77,conventional,2021,Spokane
01/08/2021 0:00,1.2,"29,433.43",15581.51,13836.59,15.34,16358.82,conventional,2021,Spokane
25/07/2021 0:00,1.14,"33,508.14",20115.53,13306.93,85.68,14222.88,conventional,2021,Spokane
18/07/2021 0:00,1.21,"29,656.59",20912.25,8701.77,42.58,15424.05,conventional,2021,Spokane
08/08/2021 0:00,2.25,766.01,189.94,576.08,0,981.23,organic,2021,Spokane
01/08/2021 0:00,2.23,950.33,160.83,789.5,0,859.95,organic,2021,Spokane
25/07/2021 0:00,2.04,780.1,157.4,621,1.71,934.37,organic,2021,Spokane
18/07/2021 0:00,2.18,690.01,135.32,554.7,0,999.21,organic,2021,Spokane
05/09/2021 0:00,1.2,"31,505.07",19556.56,11898.6,49.91,14033.89,conventional,2021,Spokane
29/08/2021 0:00,1.19,"28,415.30",15141.55,13225.83,47.93,14388.77,conventional,2021,Spokane
22/08/2021 0:00,1.36,"27,736.20",17758.38,9942.37,35.45,14170.11,conventional,2021,Spokane
15/08/2021 0:00,1.14,"33,523.49",21145.31,12238.28,139.9,15172.19,conventional,2021,Spokane
05/09/2021 0:00,2.14,814.59,205.79,608.8,0,911.01,organic,2021,Spokane
29/08/2021 0:00,2.16,668.53,138.85,529.68,0,1090.16,organic,2021,Spokane
22/08/2021 0:00,2.29,711.02,161.49,549.53,0,1095.68,organic,2021,Spokane
15/08/2021 0:00,2.21,664.86,205.64,459.22,0,1018.5,organic,2021,Spokane
03/10/2021 0:00,1.27,"26,167.04",20228.77,5938.27,0,14594.55,conventional,2021,Spokane
26/09/2021 0:00,1.38,"23,051.70",17485.87,5512.59,53.24,16026.47,conventional,2021,Spokane
19/09/2021 0:00,1.37,"22,758.23",16040.81,6689.96,27.46,19665.69,conventional,2021,Spokane
12/09/2021 0:00,1.38,"22,081.90",15461.07,6583.34,37.48,16443.92,conventional,2021,Spokane
03/10/2021 0:00,2.25,767.39,166.9,600.49,0,1000.13,organic,2021,Spokane
26/09/2021 0:00,2.19,908.51,235.28,673.22,0,985.95,organic,2021,Spokane
19/09/2021 0:00,2.34,907.77,173.32,734.45,0,877.93,organic,2021,Spokane
12/09/2021 0:00,2.24,838.59,195.5,643.09,0,871.37,organic,2021,Spokane
31/10/2021 0:00,1.33,"22,848.06",18055.5,4777,15.56,12154.07,conventional,2021,Spokane
24/10/2021 0:00,1.35,"22,336.48",18040.57,4290.74,5.18,13912.54,conventional,2021,Spokane
17/10/2021 0:00,1.38,"22,968.67",17639.48,5327.47,1.73,17129.13,conventional,2021,Spokane
10/10/2021 0:00,1.36,"23,346.17",17368.48,5960.45,17.24,12972.32,conventional,2021,Spokane
31/10/2021 0:00,2.1,906.09,157.36,748.74,0,930.04,organic,2021,Spokane
24/10/2021 0:00,2.09,647.97,91.58,556.38,0,898.93,organic,2021,Spokane
17/10/2021 0:00,2.19,992.26,146.68,845.58,0,975.32,organic,2021,Spokane
10/10/2021 0:00,2.4,601.83,134.51,467.32,0,950.91,organic,2021,Spokane
28/11/2021 0:00,1.44,"14,240.67",10456.9,3495.24,288.54,9743.2,conventional,2021,Spokane
21/11/2021 0:00,1.32,"22,948.14",14941.83,8006.31,0,11012.27,conventional,2021,Spokane
14/11/2021 0:00,1.29,"28,193.18",16954.76,11231.5,6.93,12934.02,conventional,2021,Spokane
07/11/2021 0:00,1.43,"22,728.99",17715.56,4938.1,75.34,14165.21,conventional,2021,Spokane
28/11/2021 0:00,2.27,480.96,105.92,375.04,0,1036.35,organic,2021,Spokane
21/11/2021 0:00,2.06,606.71,147.46,459.25,0,1000.91,organic,2021,Spokane
14/11/2021 0:00,1.82,586.92,107.34,479.58,0,1138.73,organic,2021,Spokane
07/11/2021 0:00,2.31,733.57,145.33,588.24,0,1098.96,organic,2021,Spokane
26/12/2021 0:00,1.37,"17,696.48",12828.73,4862.58,5.18,13629.33,conventional,2021,Spokane
19/12/2021 0:00,1.31,"19,709.33",15085.02,4579.15,45.16,13079.08,conventional,2021,Spokane
12/12/2021 0:00,1.29,"24,597.39",17973.54,6509.47,114.38,14378.24,conventional,2021,Spokane
05/12/2021 0:00,1.21,"24,975.40",19627.41,5317.43,30.56,17169.51,conventional,2021,Spokane
26/12/2021 0:00,2.42,639.98,146.63,493.36,0,994.22,organic,2021,Spokane
19/12/2021 0:00,2.38,687.1,148.84,538.26,0,1013.51,organic,2021,Spokane
12/12/2021 0:00,2.2,889.03,173.3,715.73,0,1154.08,organic,2021,Spokane
05/12/2021 0:00,1.62,712.38,154.26,558.12,0,1157.63,organic,2021,Spokane
04/01/2021 0:00,0.77,"138,232.77",126383.81,11806.46,42.5,64029.38,conventional,2021,St. Louis
04/01/2021 0:00,1.86,"1,716.32",770.76,945.56,0,3044.49,organic,2021,St. Louis
10/01/2021 0:00,0.83,"129,915.45",111723.35,18134.57,57.53,71078.7,conventional,2021,St. Louis
10/01/2021 0:00,1.8,"1,667.86",750.94,916.92,0,3568.14,organic,2021,St. Louis
17/01/2021 0:00,0.88,"108,441.84",96123.83,12261.55,56.46,75645.69,conventional,2021,St. Louis
17/01/2021 0:00,1.77,"1,907.88",821.73,1086.16,0,3972.44,organic,2021,St. Louis
24/01/2021 0:00,0.89,"121,364.07",108861.41,12477.63,25.03,74813.85,conventional,2021,St. Louis
24/01/2021 0:00,1.83,"1,593.96",624.53,969.43,0,3793.27,organic,2021,St. Louis
31/01/2021 0:00,0.94,"104,604.17",93183.33,11390.18,30.66,72825.61,conventional,2021,St. Louis
31/01/2021 0:00,1.84,"1,550.85",664.94,885.91,0,3476.75,organic,2021,St. Louis
07/02/2021 0:00,0.76,"168,579.32",155849.71,12660.91,68.7,81608.54,conventional,2021,St. Louis
07/02/2021 0:00,1.78,"1,522.48",676.58,845.9,0,3665.16,organic,2021,St. Louis
14/02/2021 0:00,0.76,"117,459.98",106395.89,11031.34,32.74,66422.01,conventional,2021,St. Louis
14/02/2021 0:00,1.66,"1,217.86",590.88,626.98,0,3699.54,organic,2021,St. Louis
21/02/2021 0:00,0.9,"100,445.14",90061.41,10348.13,35.6,59153.54,conventional,2021,St. Louis
21/02/2021 0:00,1.3,"8,898.15",7752.31,1145.84,0,3606.88,organic,2021,St. Louis
28/02/2021 0:00,0.89,"92,674.99",82083.6,10555.45,35.94,68448.78,conventional,2021,St. Louis
28/02/2021 0:00,1.83,"3,338.62",2222.16,1116.47,0,3095.93,organic,2021,St. Louis
07/03/2021 0:00,0.85,"110,481.24",99531.15,10927.69,22.41,73851.19,conventional,2021,St. Louis
07/03/2021 0:00,1.64,"4,427.73",3301.6,1126.12,0,3339.26,organic,2021,St. Louis
14/03/2021 0:00,0.91,"100,570.21",89949.23,10568.65,52.34,69669.59,conventional,2021,St. Louis
14/03/2021 0:00,1.91,"2,149.00",1150.96,996.84,1.2,3764.51,organic,2021,St. Louis
21/03/2021 0:00,0.92,"97,487.61",87152.71,10299.37,35.53,64574.12,conventional,2021,St. Louis
21/03/2021 0:00,1.23,"8,137.44",7477.85,659.59,0,3463.03,organic,2021,St. Louis
28/03/2021 0:00,0.99,"100,665.11",91044.86,9556.73,63.51,65579.73,conventional,2021,St. Louis
28/03/2021 0:00,1.77,"3,338.67",2762.28,576.38,0,3180.45,organic,2021,St. Louis
04/04/2021 0:00,1.02,"86,736.84",77687.18,9005.37,44.29,69128.19,conventional,2021,St. Louis
04/04/2021 0:00,2.05,"1,720.16",980.56,739.6,0,3337.82,organic,2021,St. Louis
11/04/2021 0:00,1,"111,348.64",101343.86,9934.83,69.95,62501.53,conventional,2021,St. Louis
11/04/2021 0:00,2.11,"2,032.30",1178.23,851.67,2.39,3422.34,organic,2021,St. Louis
18/04/2021 0:00,1.01,"114,865.37",105065.75,9740.59,59.03,62895.39,conventional,2021,St. Louis
18/04/2021 0:00,2.1,"1,793.72",999.03,791.1,3.59,3568.82,organic,2021,St. Louis
25/04/2021 0:00,1.06,"88,945.39",79393.67,9495.92,55.78,73289.63,conventional,2021,St. Louis
25/04/2021 0:00,2.08,"2,220.39",1172.9,1047.49,0,4541.51,organic,2021,St. Louis
02/05/2021 0:00,0.93,"126,362.46",116909.74,9397.56,55.15,65853.37,conventional,2021,St. Louis
02/05/2021 0:00,2.21,"1,990.38",994.09,989.12,7.17,3529.31,organic,2021,St. Louis
09/05/2021 0:00,0.95,"113,697.33",104191.44,9451.51,54.37,69895.74,conventional,2021,St. Louis
09/05/2021 0:00,2.27,"2,247.83",1265.31,982.52,0,3408.83,organic,2021,St. Louis
16/05/2021 0:00,1.03,"90,582.80",81330.49,9117.57,134.74,66825.91,conventional,2021,St. Louis
16/05/2021 0:00,2.22,"2,044.91",1122.14,917.99,4.79,3250.67,organic,2021,St. Louis
13/06/2021 0:00,1.05,"95,821.10",86217.21,9540.65,63.24,66888.72,conventional,2021,St. Louis
06/06/2021 0:00,1.07,"95,079.26",84629.59,10272.04,177.64,68093.26,conventional,2021,St. Louis
30/05/2021 0:00,1.06,"94,508.14",84242.81,10199.86,65.47,68737.03,conventional,2021,St. Louis
23/05/2021 0:00,0.99,"108,170.49",98873.37,9107.69,189.43,68672.73,conventional,2021,St. Louis
13/06/2021 0:00,2.35,"2,230.51",1084.62,1145.88,0,2880.41,organic,2021,St. Louis
06/06/2021 0:00,2.33,"2,110.94",1023.05,1081.89,6,2929.5,organic,2021,St. Louis
30/05/2021 0:00,2.27,"2,081.03",1184.96,885.26,10.81,3160.11,organic,2021,St. Louis
23/05/2021 0:00,2.25,"1,888.02",908.92,975.5,3.6,3255.13,organic,2021,St. Louis
11/07/2021 0:00,0.95,"103,830.07",94008.99,9786.89,34.19,69022.16,conventional,2021,St. Louis
04/07/2021 0:00,1.02,"97,774.74",86880.25,10840.56,53.93,72788.1,conventional,2021,St. Louis
27/06/2021 0:00,1,"101,979.75",93243.38,8674.58,61.78,62388.21,conventional,2021,St. Louis
20/06/2021 0:00,1.01,"104,327.64",95743.02,8528.21,56.4,69026.27,conventional,2021,St. Louis
11/07/2021 0:00,2.45, -   ,0,0,0,1077.69,organic,2021,St. Louis
04/07/2021 0:00,2.02, -   ,0,0,0,2759.93,organic,2021,St. Louis
27/06/2021 0:00,2.16, -   ,0,0,0,2641.8,organic,2021,St. Louis
20/06/2021 0:00,2.09,-0.01,0,0,0,2714.91,organic,2021,St. Louis
08/08/2021 0:00,1.02,"84,151.85",78333.2,5763.22,55.42,59827.47,conventional,2021,St. Louis
01/08/2021 0:00,1.02,"87,994.51",79304.54,8581.52,108.44,65050.12,conventional,2021,St. Louis
25/07/2021 0:00,0.93,"95,475.27",87064.48,8345.2,65.59,70130.81,conventional,2021,St. Louis
18/07/2021 0:00,0.92,"94,890.13",87056.23,7797.09,36.82,73451.48,conventional,2021,St. Louis
08/08/2021 0:00,2.39,"1,838.28",949.08,883.17,6.02,2379.56,organic,2021,St. Louis
01/08/2021 0:00,2.33,"1,577.17",909.68,662.68,4.82,1882.52,organic,2021,St. Louis
25/07/2021 0:00,2.31,"1,613.06",801.71,811.35,0,2238.21,organic,2021,St. Louis
18/07/2021 0:00,2.42,"1,688.78",820.81,866.78,1.21,1862.18,organic,2021,St. Louis
05/09/2021 0:00,1.04,"89,782.40",84074.95,5615.41,92.03,66296.48,conventional,2021,St. Louis
29/08/2021 0:00,1.03,"86,339.87",79758.05,6532.52,49.29,73160.64,conventional,2021,St. Louis
22/08/2021 0:00,1.02,"89,767.77",83100.11,6586.29,81.36,69648.52,conventional,2021,St. Louis
15/08/2021 0:00,0.98,"92,689.21",85543.4,7044.57,101.24,67246.49,conventional,2021,St. Louis
05/09/2021 0:00,2.18,"2,397.93",1384.74,1013.19,0,3098.03,organic,2021,St. Louis
29/08/2021 0:00,2.39,"2,140.06",1243.23,892.02,4.81,2285.19,organic,2021,St. Louis
22/08/2021 0:00,2.48,"1,562.03",857.49,682.86,21.68,1635.51,organic,2021,St. Louis
15/08/2021 0:00,2.48,"1,683.20",811.82,856.93,14.46,1797.47,organic,2021,St. Louis
03/10/2021 0:00,1.05,"83,612.71",76311.2,7224.69,76.82,51676.18,conventional,2021,St. Louis
26/09/2021 0:00,1.05,"75,032.35",69248.87,5728.94,54.54,52831.99,conventional,2021,St. Louis
19/09/2021 0:00,1.01,"90,767.32",82377.07,8315.2,75.06,54334.42,conventional,2021,St. Louis
12/09/2021 0:00,1.06,"97,548.54",89196.89,8286.73,64.91,58046.7,conventional,2021,St. Louis
03/10/2021 0:00,2.18,"1,922.60",917.05,1000.76,4.79,3145.01,organic,2021,St. Louis
26/09/2021 0:00,2.28,"1,556.50",766.84,789.65,0,1942.76,organic,2021,St. Louis
19/09/2021 0:00,2.31,"2,014.44",1087.43,927.01,0,2294.25,organic,2021,St. Louis
12/09/2021 0:00,2.19,"2,258.59",1194.84,1063.74,0,3442.29,organic,2021,St. Louis
31/10/2021 0:00,1.01,"83,369.82",78058.05,5225.72,86.04,48667.31,conventional,2021,St. Louis
24/10/2021 0:00,1.07,"75,736.49",70213.49,5477.02,45.98,49028.54,conventional,2021,St. Louis
17/10/2021 0:00,1.03,"82,835.34",76229.42,6532.25,73.67,51740.06,conventional,2021,St. Louis
10/10/2021 0:00,1.05,"79,953.61",74264.05,5590.95,98.61,52692.62,conventional,2021,St. Louis
31/10/2021 0:00,2.11,"1,580.19",749.06,831.13,0,3025.18,organic,2021,St. Louis
24/10/2021 0:00,2.15,"1,727.11",808.14,918.98,0,3033.45,organic,2021,St. Louis
17/10/2021 0:00,2.11,"1,541.94",615.19,926.75,0,3361.05,organic,2021,St. Louis
10/10/2021 0:00,2.18,"1,727.95",785.12,942.83,0,2955.49,organic,2021,St. Louis
28/11/2021 0:00,1.07,"65,142.19",59866.75,5202.66,72.79,41836.5,conventional,2021,St. Louis
21/11/2021 0:00,1.03,"72,299.74",67444.21,4819.97,35.56,46248.35,conventional,2021,St. Louis
14/11/2021 0:00,1,"78,377.97",72469.62,5871.4,36.95,48810.72,conventional,2021,St. Louis
07/11/2021 0:00,1.06,"70,677.11",64285.86,6351.2,40.04,48076.63,conventional,2021,St. Louis
28/11/2021 0:00,2.08,"1,555.76",771.59,784.16,0,3050.16,organic,2021,St. Louis
21/11/2021 0:00,2.17,"1,792.18",843.11,946.67,2.4,2870.44,organic,2021,St. Louis
14/11/2021 0:00,2.1,"2,019.17",1131.1,888.07,0,3038.96,organic,2021,St. Louis
07/11/2021 0:00,2.09,"2,089.74",998.75,1090.99,0,2831.85,organic,2021,St. Louis
26/12/2021 0:00,1.08,"65,923.98",61642.66,4236.74,44.58,51164.91,conventional,2021,St. Louis
19/12/2021 0:00,1.09,"66,299.07",61126.01,5148.86,24.2,45491.39,conventional,2021,St. Louis
12/12/2021 0:00,1.03,"80,471.10",75559.95,4873.93,37.22,47788.45,conventional,2021,St. Louis
05/12/2021 0:00,1.04,"86,720.44",80787.67,5842.9,89.86,46424.79,conventional,2021,St. Louis
26/12/2021 0:00,1.91,"1,493.68",832.44,661.24,0,3798.32,organic,2021,St. Louis
19/12/2021 0:00,2.01,"1,825.26",1033.76,791.49,0,3323.07,organic,2021,St. Louis
12/12/2021 0:00,2.01,"1,609.70",799.2,810.5,0,3515.88,organic,2021,St. Louis
05/12/2021 0:00,2.05,"1,680.12",927.65,752.48,0,3223.51,organic,2021,St. Louis
04/01/2021 0:00,1.13,"58,828.12",10394.61,47725.88,707.64,33756.9,conventional,2021,Syracuse
04/01/2021 0:00,1.59,374.88,233.31,141.56,0,2748.87,organic,2021,Syracuse
10/01/2021 0:00,1.11,"51,268.52",9413.26,41005.17,850.09,43865.92,conventional,2021,Syracuse
10/01/2021 0:00,1.58,452.38,297.97,154.41,0,5139.9,organic,2021,Syracuse
17/01/2021 0:00,1.12,"51,951.90",9531.44,41747.42,673.05,44688.04,conventional,2021,Syracuse
17/01/2021 0:00,1.65,384.67,250.21,134.46,0,3925.31,organic,2021,Syracuse
24/01/2021 0:00,1,"62,987.99",11776.08,50702.96,508.95,40756.05,conventional,2021,Syracuse
24/01/2021 0:00,1.59,398.35,310.64,87.7,0,3647.19,organic,2021,Syracuse
31/01/2021 0:00,1.02,"49,943.21",7929.74,41507.44,506.02,44820.51,conventional,2021,Syracuse
31/01/2021 0:00,1.48,377.27,236.98,140.29,0,4549.75,organic,2021,Syracuse
07/02/2021 0:00,1.04,"79,401.56",14734.23,64193.73,473.59,42527.75,conventional,2021,Syracuse
07/02/2021 0:00,1.52,382.95,208.75,174.2,0,4208.58,organic,2021,Syracuse
14/02/2021 0:00,1.05,"53,044.05",9491.97,43166.43,385.65,36856.02,conventional,2021,Syracuse
14/02/2021 0:00,1.51,303.73,220.72,83,0,3903.53,organic,2021,Syracuse
21/02/2021 0:00,1.07,"53,917.83",8350.33,45049.62,517.88,39124.13,conventional,2021,Syracuse
21/02/2021 0:00,1.55,316.69,222.03,94.65,0,4134.31,organic,2021,Syracuse
28/02/2021 0:00,1.08,"51,508.34",9699.45,41317.19,491.71,38001.96,conventional,2021,Syracuse
28/02/2021 0:00,1.58,406.4,252.1,154.3,0,4278.69,organic,2021,Syracuse
07/03/2021 0:00,1.13,"58,516.57",9499.16,48282.55,734.87,40142.07,conventional,2021,Syracuse
07/03/2021 0:00,1.59,412.6,228.99,183.6,0,4395.92,organic,2021,Syracuse
14/03/2021 0:00,1.07,"53,877.06",9597.72,43767.31,512.04,40556.91,conventional,2021,Syracuse
14/03/2021 0:00,1.58,408.48,217.85,190.63,0,4035.61,organic,2021,Syracuse
21/03/2021 0:00,1.06,"59,424.19",8745.56,50035.84,642.8,39802.33,conventional,2021,Syracuse
21/03/2021 0:00,1.52,335.73,182.38,153.34,0,4774.49,organic,2021,Syracuse
28/03/2021 0:00,1.13,"55,031.06",10901.17,43640.01,489.89,37292.09,conventional,2021,Syracuse
28/03/2021 0:00,1.58,349.98,219.9,130.08,0,4451.09,organic,2021,Syracuse
04/04/2021 0:00,1.15,"55,545.85",10320.41,44646.32,579.11,40768.75,conventional,2021,Syracuse
04/04/2021 0:00,1.6,297.31,203.18,94.14,0,4621.29,organic,2021,Syracuse
11/04/2021 0:00,1.16,"51,670.06",10835.79,40390.5,443.77,37147.28,conventional,2021,Syracuse
11/04/2021 0:00,1.62,344.2,227.94,116.26,0,4207.11,organic,2021,Syracuse
18/04/2021 0:00,1.16,"56,538.78",10880.52,45048.12,610.13,42155.9,conventional,2021,Syracuse
18/04/2021 0:00,1.65,438.66,252.49,186.17,0,5318.46,organic,2021,Syracuse
25/04/2021 0:00,1.16,"56,321.18",10462.06,45300.59,558.53,40490.38,conventional,2021,Syracuse
25/04/2021 0:00,1.76,463.1,304.96,158.15,0,4323.05,organic,2021,Syracuse
02/05/2021 0:00,1.19,"53,837.13",10457.7,42839.83,539.61,39021.36,conventional,2021,Syracuse
02/05/2021 0:00,1.74,380.81,265.7,115.11,0,5184.67,organic,2021,Syracuse
09/05/2021 0:00,1.17,"62,360.63",13747.86,47977.07,635.71,39868.67,conventional,2021,Syracuse
09/05/2021 0:00,1.74,483.69,311.19,172.5,0,5142.46,organic,2021,Syracuse
16/05/2021 0:00,1.17,"49,028.50",10004.4,38402.58,621.52,34921.8,conventional,2021,Syracuse
16/05/2021 0:00,1.72,402.75,309.53,93.22,0,4341.9,organic,2021,Syracuse
13/06/2021 0:00,1.19,"51,411.99",11615.94,39221.33,574.73,38880.1,conventional,2021,Syracuse
06/06/2021 0:00,1.17,"52,134.14",12480.43,39184.24,469.47,37144.36,conventional,2021,Syracuse
30/05/2021 0:00,1.18,"53,837.99",12981.95,40302.32,553.73,38970.91,conventional,2021,Syracuse
23/05/2021 0:00,1.14,"54,771.41",10660.89,43502.17,608.35,40161.16,conventional,2021,Syracuse
13/06/2021 0:00,1.78,548.71,316.72,231.99,0,3219.78,organic,2021,Syracuse
06/06/2021 0:00,1.7,376.67,279.88,96.79,0,3907.77,organic,2021,Syracuse
30/05/2021 0:00,1.69,425.78,329.07,96.7,0,3840.41,organic,2021,Syracuse
23/05/2021 0:00,1.71,414.93,255.25,159.68,0,5038.98,organic,2021,Syracuse
11/07/2021 0:00,1.22,"46,931.67",11081.57,35201.88,648.22,28737.16,conventional,2021,Syracuse
04/07/2021 0:00,1.21,"59,013.95",14721.28,43627.43,665.25,33666.38,conventional,2021,Syracuse
27/06/2021 0:00,1.24,"51,335.02",13543.53,37309.66,481.82,26376.56,conventional,2021,Syracuse
20/06/2021 0:00,1.19,"57,831.46",13913.69,43188.65,729.12,33969.37,conventional,2021,Syracuse
11/07/2021 0:00,1.73,0,0,0,0,2145.85,organic,2021,Syracuse
04/07/2021 0:00,1.61,0,0,0,0,3249.91,organic,2021,Syracuse
27/06/2021 0:00,1.81, -   ,0,0,0,1883.56,organic,2021,Syracuse
20/06/2021 0:00,1.57,-0.01,0,0,0,2883.9,organic,2021,Syracuse
08/08/2021 0:00,1.04,"52,491.20",10861.55,41194.01,435.64,38013.64,conventional,2021,Syracuse
01/08/2021 0:00,1,"44,746.97",12891.12,31307.51,548.33,40170.67,conventional,2021,Syracuse
25/07/2021 0:00,1.15,"46,260.45",11602.49,34283.24,374.72,33032.19,conventional,2021,Syracuse
18/07/2021 0:00,1.19,"46,713.22",11655.81,34473.24,584.16,32722.77,conventional,2021,Syracuse
08/08/2021 0:00,1.6,421.66,229.47,191.03,1.16,3795.14,organic,2021,Syracuse
01/08/2021 0:00,1.64,530.87,342.27,188.6,0,4332.81,organic,2021,Syracuse
25/07/2021 0:00,1.62,541.45,320.22,221.24,0,4062.09,organic,2021,Syracuse
18/07/2021 0:00,1.76,396.96,243.3,153.66,0,3920.7,organic,2021,Syracuse
05/09/2021 0:00,1.1,"38,291.41",8819.9,29019.15,452.36,34621.44,conventional,2021,Syracuse
29/08/2021 0:00,1.12,"43,194.95",7318.35,35361.24,515.36,31910.33,conventional,2021,Syracuse
22/08/2021 0:00,0.99,"44,260.82",6625.64,37141.03,494.16,47397.2,conventional,2021,Syracuse
15/08/2021 0:00,1.17,"40,665.21",7762.52,32513.58,389.11,32301.84,conventional,2021,Syracuse
05/09/2021 0:00,1.62,355.59,216.85,138.74,0,4681.56,organic,2021,Syracuse
29/08/2021 0:00,1.71,333.29,201.6,131.68,0,4442.17,organic,2021,Syracuse
22/08/2021 0:00,1.68,381.11,224.93,156.17,0,4276.83,organic,2021,Syracuse
15/08/2021 0:00,1.61,333.38,191.17,142.21,0,4211.27,organic,2021,Syracuse
03/10/2021 0:00,1.25,"38,197.99",9596.66,28284.47,316.86,28942.19,conventional,2021,Syracuse
26/09/2021 0:00,1.3,"37,761.24",8241.58,29031.59,488.08,26968.06,conventional,2021,Syracuse
19/09/2021 0:00,1.23,"33,295.25",8257.51,24655.87,381.88,24911.81,conventional,2021,Syracuse
12/09/2021 0:00,1.16,"38,189.11",10196.92,27598.13,394.07,29048.2,conventional,2021,Syracuse
03/10/2021 0:00,1.63,380.92,212.01,168.91,0,2983.85,organic,2021,Syracuse
26/09/2021 0:00,1.67,362.39,199.26,163.13,0,3491.78,organic,2021,Syracuse
19/09/2021 0:00,1.59,362.29,234.15,128.14,0,4311.03,organic,2021,Syracuse
12/09/2021 0:00,1.68,332,223.59,108.41,0,3815.99,organic,2021,Syracuse
31/10/2021 0:00,1.19,"42,540.17",15706.3,26623.47,210.41,32895.6,conventional,2021,Syracuse
24/10/2021 0:00,1.24,"38,871.51",11990.11,26693.73,187.67,30070.78,conventional,2021,Syracuse
17/10/2021 0:00,1.24,"41,871.81",10974.7,30873.77,23.33,34150.48,conventional,2021,Syracuse
10/10/2021 0:00,1.05,"36,547.58",8443.73,28051.33,52.52,48468.53,conventional,2021,Syracuse
31/10/2021 0:00,1.69,291.92,203.39,88.53,0,3420.84,organic,2021,Syracuse
24/10/2021 0:00,1.76,294.25,195.17,99.08,0,3432.59,organic,2021,Syracuse
17/10/2021 0:00,1.73,352.57,206.76,145.82,0,3563.55,organic,2021,Syracuse
10/10/2021 0:00,1.66,278.94,168.06,110.87,0,3153.44,organic,2021,Syracuse
28/11/2021 0:00,1.18,"30,709.23",11655.93,19024.34,28.96,26712.31,conventional,2021,Syracuse
21/11/2021 0:00,1.2,"33,652.95",11481.86,22151.3,19.79,34418.88,conventional,2021,Syracuse
14/11/2021 0:00,1.18,"39,830.57",15361.04,24420.76,48.77,33226.82,conventional,2021,Syracuse
07/11/2021 0:00,1.17,"38,942.45",14541.32,24320.87,80.26,32397.16,conventional,2021,Syracuse
28/11/2021 0:00,1.77,253.55,147.58,105.98,0,2677.65,organic,2021,Syracuse
21/11/2021 0:00,1.76,221.86,136.9,84.97,0,3078.31,organic,2021,Syracuse
14/11/2021 0:00,1.7,377.02,229.09,147.93,0,3267.38,organic,2021,Syracuse
07/11/2021 0:00,1.68,242.77,136.8,105.96,0,3275.68,organic,2021,Syracuse
26/12/2021 0:00,1.21,"36,129.95",14059.35,22037.81,32.79,29177.25,conventional,2021,Syracuse
19/12/2021 0:00,1.19,"36,120.85",13487.9,22593.24,39.71,32145.42,conventional,2021,Syracuse
12/12/2021 0:00,1.18,"36,715.46",13810,22881.82,23.63,33266.91,conventional,2021,Syracuse
05/12/2021 0:00,1.17,"44,914.52",15650.37,29223.07,41.07,33089.06,conventional,2021,Syracuse
26/12/2021 0:00,1.86,634.74,211.22,423.52,0,2772.41,organic,2021,Syracuse
19/12/2021 0:00,1.67,215.83,157.63,58.19,0,2966.6,organic,2021,Syracuse
12/12/2021 0:00,1.68,252.08,182.28,69.8,0,3481.9,organic,2021,Syracuse
05/12/2021 0:00,1.68,312.9,175.64,137.26,0,3035.35,organic,2021,Syracuse
04/01/2021 0:00,0.74,"287,900.94",258312.56,29575.77,12.61,181338.38,conventional,2021,Tampa
04/01/2021 0:00,0.91,118.25,118.25,0,0,27375.61,organic,2021,Tampa
10/01/2021 0:00,0.81,"267,219.44",247752.83,19448.21,18.4,192958.04,conventional,2021,Tampa
10/01/2021 0:00,0.91,101.83,101.84,0,0,29616.74,organic,2021,Tampa
17/01/2021 0:00,0.8,"279,342.85",258190.7,21119.35,32.8,208585.01,conventional,2021,Tampa
17/01/2021 0:00,0.9,111.4,111.4,0,0,28718.47,organic,2021,Tampa
24/01/2021 0:00,0.82,"299,824.71",278209.87,21598.21,16.62,204201.94,conventional,2021,Tampa
24/01/2021 0:00,0.93,160.87,160.87,0,0,27396.05,organic,2021,Tampa
31/01/2021 0:00,0.84,"324,349.20",304263.9,20066.4,18.9,203669.17,conventional,2021,Tampa
31/01/2021 0:00,0.92,81.93,81.94,0,0,25150.27,organic,2021,Tampa
07/02/2021 0:00,0.79,"376,918.33",344646.99,32259.78,11.56,241852.09,conventional,2021,Tampa
07/02/2021 0:00,0.83,93.94,93.94,0,0,29507.79,organic,2021,Tampa
14/02/2021 0:00,0.81,"296,813.18",277929.52,18871.38,12.29,199242.12,conventional,2021,Tampa
14/02/2021 0:00,0.95,115.4,115.4,0,0,23804.87,organic,2021,Tampa
21/02/2021 0:00,0.83,"333,753.77",313064.09,20672.33,17.35,184419.41,conventional,2021,Tampa
21/02/2021 0:00,0.95,58.4,58.4,0,0,25640.12,organic,2021,Tampa
28/02/2021 0:00,0.87,"271,342.31",252949.8,18377.99,14.51,200507.38,conventional,2021,Tampa
28/02/2021 0:00,0.99,54.45,54.44,0,0,24169.68,organic,2021,Tampa
07/03/2021 0:00,0.89,"258,799.91",239784.84,18979.17,35.91,212146.46,conventional,2021,Tampa
07/03/2021 0:00,1,70.63,70.63,0,0,28047.26,organic,2021,Tampa
14/03/2021 0:00,0.88,"260,277.91",242978.9,17280,19.01,206748.11,conventional,2021,Tampa
14/03/2021 0:00,0.99,62.35,62.35,0,0,28865.89,organic,2021,Tampa
21/03/2021 0:00,0.89,"281,705.83",264286.22,17398.48,21.13,203868.94,conventional,2021,Tampa
21/03/2021 0:00,1.07,62.89,62.9,0,0,25946.73,organic,2021,Tampa
28/03/2021 0:00,0.96,"267,154.90",249336.21,17809.24,9.45,208033.68,conventional,2021,Tampa
28/03/2021 0:00,1.11,57.88,57.88,0,0,28624.12,organic,2021,Tampa
04/04/2021 0:00,0.98,"262,400.35",243530.99,18858.97,10.39,200489.53,conventional,2021,Tampa
04/04/2021 0:00,1.11,60.74,60.74,0,0,26127.27,organic,2021,Tampa
11/04/2021 0:00,0.99,"281,014.51",260805.03,20183.76,25.73,193527.77,conventional,2021,Tampa
11/04/2021 0:00,1.1,46.9,46.9,0,0,27840.39,organic,2021,Tampa
18/04/2021 0:00,1.1,"277,723.94",256932.58,20766.1,25.26,204020.35,conventional,2021,Tampa
18/04/2021 0:00,1.1,55.51,55.52,0,0,28057.49,organic,2021,Tampa
25/04/2021 0:00,1.1,"275,121.63",255587.07,19496.99,37.57,203311.46,conventional,2021,Tampa
25/04/2021 0:00,1.08,59.8,59.8,0,0,32361.28,organic,2021,Tampa
02/05/2021 0:00,1.03,"352,878.54",329268.42,23577.2,32.92,193454.04,conventional,2021,Tampa
02/05/2021 0:00,1.08,44.14,44.14,0,0,26567.24,organic,2021,Tampa
09/05/2021 0:00,1.17,"237,899.11",219632.53,18246.74,19.84,193404.91,conventional,2021,Tampa
09/05/2021 0:00,1.11,69.97,69.97,0,0,30480.95,organic,2021,Tampa
16/05/2021 0:00,1.17,"246,115.22",228044.71,18054.75,15.76,194482.63,conventional,2021,Tampa
16/05/2021 0:00,1.14,59.19,59.19,0,0,30256.64,organic,2021,Tampa
13/06/2021 0:00,1.15,"237,308.25",220778.43,16510.72,19.11,200362.47,conventional,2021,Tampa
06/06/2021 0:00,1.12,"239,878.95",223471.78,16396.67,10.5,226919.32,conventional,2021,Tampa
30/05/2021 0:00,1.18,"256,066.04",238946.99,17096.99,22.06,198434.81,conventional,2021,Tampa
23/05/2021 0:00,1.17,"268,312.75",250072.73,18198.51,41.51,194733.69,conventional,2021,Tampa
13/06/2021 0:00,1.15,157.15,157.15,0,0,30649.83,organic,2021,Tampa
06/06/2021 0:00,1.11,99.52,98.47,1.05,0,31639.11,organic,2021,Tampa
30/05/2021 0:00,1.13,90.37,90.36,0,0,35741,organic,2021,Tampa
23/05/2021 0:00,0.99,132.43,132.44,0,0,48503.87,organic,2021,Tampa
11/07/2021 0:00,0.95,"240,371.75",225564.66,14766.45,40.64,212006.92,conventional,2021,Tampa
04/07/2021 0:00,0.97,"258,980.96",242303.47,16592.45,85.05,217237.46,conventional,2021,Tampa
27/06/2021 0:00,1.12,"241,404.01",225305.63,16041.26,57.11,201092.81,conventional,2021,Tampa
20/06/2021 0:00,1.16,"234,434.69",219347.32,15075.09,12.28,197685.47,conventional,2021,Tampa
11/07/2021 0:00,1.25,0,0,0,0,15470.87,organic,2021,Tampa
04/07/2021 0:00,1.4, -   ,0,0,0,27670.4,organic,2021,Tampa
27/06/2021 0:00,1.25,0,0,0,0,22751.39,organic,2021,Tampa
20/06/2021 0:00,1.09,0,0,0,0,36915.1,organic,2021,Tampa
08/08/2021 0:00,1.07,"228,608.59",206201.45,22370.88,36.25,181832.62,conventional,2021,Tampa
01/08/2021 0:00,1.07,"210,649.33",183157.34,27444.72,47.27,178735.1,conventional,2021,Tampa
25/07/2021 0:00,0.93,"241,472.12",212926.6,28461.8,83.72,226075.63,conventional,2021,Tampa
18/07/2021 0:00,0.93,"259,656.47",238977.75,20663.5,15.23,235699.88,conventional,2021,Tampa
08/08/2021 0:00,1.37,150.13,150.13,0,0,17259.54,organic,2021,Tampa
01/08/2021 0:00,1.39,183.44,181.35,2.1,0,16850.11,organic,2021,Tampa
25/07/2021 0:00,1.4,113.36,113.36,0,0,18695.02,organic,2021,Tampa
18/07/2021 0:00,1.32,106.17,106.17,0,0,19112.75,organic,2021,Tampa
05/09/2021 0:00,1.1,"233,658.41",219114.44,14507.82,36.16,193030.7,conventional,2021,Tampa
29/08/2021 0:00,1.08,"205,871.97",190191.11,15636.3,44.55,197331.97,conventional,2021,Tampa
22/08/2021 0:00,1.04,"210,427.25",193434.16,16934.44,58.65,209689.23,conventional,2021,Tampa
15/08/2021 0:00,1.05,"215,999.42",197669.62,18284.19,45.61,206795.98,conventional,2021,Tampa
05/09/2021 0:00,1.35,169.83,167.7,2.13,0,27742.03,organic,2021,Tampa
29/08/2021 0:00,1.35,167.15,167.15,0,0,27098.01,organic,2021,Tampa
22/08/2021 0:00,1.49,165.39,165.39,0,0,20655.57,organic,2021,Tampa
15/08/2021 0:00,1.41,132.58,132.57,0,0,22514.67,organic,2021,Tampa
03/10/2021 0:00,1.17,"240,683.73",226147.34,13965.6,570.78,125648.07,conventional,2021,Tampa
26/09/2021 0:00,1.33,"172,115.13",157398.25,14658.29,58.59,141639.28,conventional,2021,Tampa
19/09/2021 0:00,1.21,"198,395.58",179784.66,18553.28,57.65,149608.22,conventional,2021,Tampa
12/09/2021 0:00,1.19,"198,431.72",184384.6,14030.11,17.01,140720.77,conventional,2021,Tampa
03/10/2021 0:00,0.93,163.21,163.22,0,0,51982.37,organic,2021,Tampa
26/09/2021 0:00,1.08,185.66,185.66,0,0,31989.47,organic,2021,Tampa
19/09/2021 0:00,1.7,176.29,176.29,0,0,18438.91,organic,2021,Tampa
12/09/2021 0:00,1.22,187.87,187.86,0,0,24920.64,organic,2021,Tampa
31/10/2021 0:00,1.09,"197,611.51",183798.37,13690.3,122.85,129037.01,conventional,2021,Tampa
24/10/2021 0:00,1.09,"225,189.87",210646.86,14244.39,298.62,130622.96,conventional,2021,Tampa
17/10/2021 0:00,1.06,"213,698.51",198975.79,14100.8,621.92,128771.35,conventional,2021,Tampa
10/10/2021 0:00,1.18,"256,758.10",242475.77,13667.02,615.31,121605.28,conventional,2021,Tampa
31/10/2021 0:00,0.85,93.3,93.3,0,0,67432.64,organic,2021,Tampa
24/10/2021 0:00,0.89,86.78,79.4,7.38,0,60580.84,organic,2021,Tampa
17/10/2021 0:00,0.89,95.04,95.04,0,0,52935.99,organic,2021,Tampa
10/10/2021 0:00,0.84,163.68,163.68,0,0,59361.04,organic,2021,Tampa
28/11/2021 0:00,1.05,"219,756.52",208912.71,10800.92,42.89,102074.94,conventional,2021,Tampa
21/11/2021 0:00,1.11,"197,854.55",185626.59,12202.23,25.73,117943.78,conventional,2021,Tampa
14/11/2021 0:00,1.09,"197,503.69",184366.96,13116.78,19.95,120447.4,conventional,2021,Tampa
07/11/2021 0:00,1.07,"211,054.14",198287.96,12678.36,87.82,123117,conventional,2021,Tampa
28/11/2021 0:00,0.82,277.89,277.89,0,0,55056.74,organic,2021,Tampa
21/11/2021 0:00,0.84,159.76,156.6,3.16,0,59258.19,organic,2021,Tampa
14/11/2021 0:00,0.8,96.12,96.12,0,0,65194.94,organic,2021,Tampa
07/11/2021 0:00,0.81,132.34,132.33,0,0,59622.39,organic,2021,Tampa
26/12/2021 0:00,1.05,"239,937.72",226052.39,13866.94,18.38,104997.11,conventional,2021,Tampa
19/12/2021 0:00,1.15,"199,307.33",186113.74,13164.7,28.89,114365.69,conventional,2021,Tampa
12/12/2021 0:00,1.14,"226,411.43",210774.25,15611.67,25.52,117358.54,conventional,2021,Tampa
05/12/2021 0:00,1.12,"196,369.75",183802.18,12533.44,34.13,115260.34,conventional,2021,Tampa
26/12/2021 0:00,0.87,85.09,85.08,0,0,63279.41,organic,2021,Tampa
19/12/2021 0:00,0.87,72.39,72.38,0,0,67664.32,organic,2021,Tampa
12/12/2021 0:00,0.86,78.64,78.64,0,0,64593.83,organic,2021,Tampa
05/12/2021 0:00,0.85,97.81,97.81,0,0,69747.25,organic,2021,Tampa
04/01/2021 0:00,0.78,"80,675.46",27093.78,35128.92,18452.77,25310.31,conventional,2021,Toledo
04/01/2021 0:00,1.4,588.96,76.79,512.18,0,1223.21,organic,2021,Toledo
10/01/2021 0:00,0.86,"66,857.90",28680.64,29900.58,8276.68,32944.77,conventional,2021,Toledo
10/01/2021 0:00,1.51,744.7,52.65,692.06,0,1838.35,organic,2021,Toledo
17/01/2021 0:00,0.84,"89,646.26",26526.79,39593.65,23525.82,28847.82,conventional,2021,Toledo
17/01/2021 0:00,1.53,723.75,82.9,640.85,0,1693.95,organic,2021,Toledo
24/01/2021 0:00,0.86,"82,406.36",25208.21,36293.14,20905.01,27863.18,conventional,2021,Toledo
24/01/2021 0:00,1.46,681.58,233.93,447.66,0,1655.78,organic,2021,Toledo
31/01/2021 0:00,0.95,"59,817.16",26341.44,27273.27,6202.46,28667.36,conventional,2021,Toledo
31/01/2021 0:00,1.52,530.46,67.64,462.82,0,2145.05,organic,2021,Toledo
07/02/2021 0:00,0.75,"86,844.19",31478.21,37305.74,18060.23,27031.72,conventional,2021,Toledo
07/02/2021 0:00,1.35,631.89,43.9,587.99,0,2242.73,organic,2021,Toledo
14/02/2021 0:00,0.82,"62,432.40",24471.82,29698.08,8262.5,28522.25,conventional,2021,Toledo
14/02/2021 0:00,1.4,543.34,63.65,479.68,0,2109.64,organic,2021,Toledo
21/02/2021 0:00,0.86,"61,170.49",24367.23,31536.71,5266.56,32991.2,conventional,2021,Toledo
21/02/2021 0:00,1.36,584.26,52.25,532.02,0,2233.37,organic,2021,Toledo
28/02/2021 0:00,0.81,"77,240.72",25784.33,34721.6,16734.79,28061.96,conventional,2021,Toledo
28/02/2021 0:00,1.38,479.99,29.2,450.79,0,2406.88,organic,2021,Toledo
07/03/2021 0:00,0.88,"67,679.46",26048.4,35689.49,5941.57,35343.66,conventional,2021,Toledo
07/03/2021 0:00,1.29,495.42,44.98,450.43,0,3017.77,organic,2021,Toledo
14/03/2021 0:00,0.92,"59,759.51",23252.27,30369.98,6137.26,30325.01,conventional,2021,Toledo
14/03/2021 0:00,1.4,538.99,31.82,507.18,0,2170.82,organic,2021,Toledo
21/03/2021 0:00,0.95,"60,550.70",21702.54,32184.33,6663.83,28349.4,conventional,2021,Toledo
21/03/2021 0:00,1.39,515.57,35.51,480.06,0,2263.34,organic,2021,Toledo
28/03/2021 0:00,1.06,"57,018.39",19959.77,31659.14,5399.48,30250.49,conventional,2021,Toledo
28/03/2021 0:00,1.39,665.18,46.01,619.17,0,2360.09,organic,2021,Toledo
04/04/2021 0:00,1.16,"59,139.45",21772.8,27611.14,9755.5,33177.61,conventional,2021,Toledo
04/04/2021 0:00,1.68,438.79,5.45,433.34,0,2536.54,organic,2021,Toledo
11/04/2021 0:00,1.11,"47,167.06",22610.27,20419.26,4137.52,33846.2,conventional,2021,Toledo
11/04/2021 0:00,1.8,477.7,33.93,443.77,0,2208.95,organic,2021,Toledo
18/04/2021 0:00,1.12,"55,980.52",28307.32,22623.5,5049.71,35589.98,conventional,2021,Toledo
18/04/2021 0:00,1.74,620.06,39.37,580.68,0,3135.69,organic,2021,Toledo
25/04/2021 0:00,1.11,"53,505.74",27474.98,21118.8,4911.96,37411.75,conventional,2021,Toledo
25/04/2021 0:00,1.83,582.67,37.8,544.86,0,2542.44,organic,2021,Toledo
02/05/2021 0:00,1.02,"68,823.16",34851.99,22129.53,11841.63,30748.98,conventional,2021,Toledo
02/05/2021 0:00,1.67,590.93,57.93,533.01,0,2347.97,organic,2021,Toledo
09/05/2021 0:00,0.94,"70,514.64",46976.95,18611.87,4925.82,32787.06,conventional,2021,Toledo
09/05/2021 0:00,1.71,600.19,46.85,553.34,0,2344.85,organic,2021,Toledo
16/05/2021 0:00,0.95,"59,191.71",33757.59,17734.54,7699.58,30044.25,conventional,2021,Toledo
16/05/2021 0:00,1.5,497.35,57.06,440.29,0,2100.14,organic,2021,Toledo
13/06/2021 0:00,1.06,"53,962.02",21500.26,27183.37,5278.39,35419.28,conventional,2021,Toledo
06/06/2021 0:00,1.13,"52,718.28",24334.68,22831.52,5552.08,32242.86,conventional,2021,Toledo
30/05/2021 0:00,1.17,"57,443.02",22569.92,24703.31,10169.79,33172.96,conventional,2021,Toledo
23/05/2021 0:00,1.02,"55,368.00",31299.85,19082.54,4985.62,33842.32,conventional,2021,Toledo
13/06/2021 0:00,1.61,479.55,46.95,432.59,0,1984.24,organic,2021,Toledo
06/06/2021 0:00,2,603.85,96.53,507.32,0,1576,organic,2021,Toledo
30/05/2021 0:00,1.95,521.68,64.35,457.33,0,1788.98,organic,2021,Toledo
23/05/2021 0:00,1.61,533.06,50.77,482.29,0,2012.94,organic,2021,Toledo
11/07/2021 0:00,1.06,"51,613.33",21225.02,24793.03,5595.28,34017.38,conventional,2021,Toledo
04/07/2021 0:00,1.12,"59,160.29",22779.45,26674.07,9706.76,28777.43,conventional,2021,Toledo
27/06/2021 0:00,1.15,"50,396.65",22583.99,22190.12,5622.54,28440.92,conventional,2021,Toledo
20/06/2021 0:00,1.15,"63,093.72",19719.93,30888.18,12485.6,30538.87,conventional,2021,Toledo
11/07/2021 0:00,1.87, -   ,0,0,0,1106.97,organic,2021,Toledo
04/07/2021 0:00,2.01, -   ,0,0,0,1079.28,organic,2021,Toledo
27/06/2021 0:00,1.88, -   ,0,0,0,1002.55,organic,2021,Toledo
20/06/2021 0:00,1.55, -   ,0,0,0,1733.95,organic,2021,Toledo
08/08/2021 0:00,1.1,"46,699.40",22163.34,19246.6,5289.46,30815.78,conventional,2021,Toledo
01/08/2021 0:00,1.09,"42,448.39",19208.26,18300.29,4939.84,32208.92,conventional,2021,Toledo
25/07/2021 0:00,0.97,"64,707.96",16726.84,29869.24,18111.88,28014.69,conventional,2021,Toledo
18/07/2021 0:00,0.95,"70,968.71",18555.48,35027.76,17385.47,33444.36,conventional,2021,Toledo
08/08/2021 0:00,1.84,509.15,21.28,487.88,0,2503.7,organic,2021,Toledo
01/08/2021 0:00,1.74,564.64,55.94,508.7,0,2590.12,organic,2021,Toledo
25/07/2021 0:00,1.68,610.14,39.03,571.11,0,2292.91,organic,2021,Toledo
18/07/2021 0:00,1.66,603.43,43.89,559.53,0,1991.15,organic,2021,Toledo
05/09/2021 0:00,0.99,"52,523.45",32140.74,16429.99,3952.72,34360.13,conventional,2021,Toledo
29/08/2021 0:00,1.1,"45,443.82",18601.44,19562.06,7280.33,31742.58,conventional,2021,Toledo
22/08/2021 0:00,0.99,"43,401.33",15291.86,24253.01,3856.46,37923.97,conventional,2021,Toledo
15/08/2021 0:00,0.94,"58,561.11",17161.68,29629.77,11769.66,36220.96,conventional,2021,Toledo
05/09/2021 0:00,1.69,612.51,73.03,539.47,0,2206.24,organic,2021,Toledo
29/08/2021 0:00,1.94,640.76,53.72,587.04,0,2024.76,organic,2021,Toledo
22/08/2021 0:00,1.72,608.68,65.45,543.22,0,2006.56,organic,2021,Toledo
15/08/2021 0:00,1.7,529.82,36.03,493.79,0,2003.31,organic,2021,Toledo
03/10/2021 0:00,0.92,"61,326.95",43133.26,13422.17,4771.53,25088.93,conventional,2021,Toledo
26/09/2021 0:00,1.09,"39,664.97",28433.17,7669.07,3562.73,17976.73,conventional,2021,Toledo
19/09/2021 0:00,1.02,"55,953.19",29168.71,16280.05,10504.43,18952.74,conventional,2021,Toledo
12/09/2021 0:00,0.99,"52,751.39",27713.43,17338.54,7699.42,24756.09,conventional,2021,Toledo
03/10/2021 0:00,1.9,539.59,98.82,440.77,0,436.61,organic,2021,Toledo
26/09/2021 0:00,1.74,459.24,66.35,392.9,0,1179.16,organic,2021,Toledo
19/09/2021 0:00,1.8,510.9,62.4,448.49,0,1283.21,organic,2021,Toledo
12/09/2021 0:00,1.74,553,75.87,477.12,0,1565.23,organic,2021,Toledo
31/10/2021 0:00,1.03,"51,543.99",40067.5,7124.21,4352.27,23208.99,conventional,2021,Toledo
24/10/2021 0:00,1.07,"52,622.09",36996.38,8554.42,7071.29,20430.48,conventional,2021,Toledo
17/10/2021 0:00,1.02,"53,175.67",40683.02,8968.19,3524.48,23219.61,conventional,2021,Toledo
10/10/2021 0:00,1.03,"51,155.53",34283.29,11522.87,5349.37,25356.49,conventional,2021,Toledo
31/10/2021 0:00,1.64,528.82,44.81,484.01,0,1881.16,organic,2021,Toledo
24/10/2021 0:00,1.73,387.14,53.95,333.19,0,1702.2,organic,2021,Toledo
17/10/2021 0:00,1.76,482.22,109.93,372.28,0,1325.47,organic,2021,Toledo
10/10/2021 0:00,1.78,533.74,121.07,412.68,0,1296.49,organic,2021,Toledo
28/11/2021 0:00,1.11,"38,896.98",29530.55,6240.99,3125.44,19286.64,conventional,2021,Toledo
21/11/2021 0:00,1.02,"45,615.77",36932.53,5812.39,2870.85,26137.77,conventional,2021,Toledo
14/11/2021 0:00,0.99,"54,921.16",43652.94,7224.67,4043.54,32207.02,conventional,2021,Toledo
07/11/2021 0:00,1.01,"49,303.54",33789.93,8181.36,7332.26,32608.89,conventional,2021,Toledo
28/11/2021 0:00,1.85,350.15,24.54,325.61,0,1427.37,organic,2021,Toledo
21/11/2021 0:00,1.58,500.5,35.13,465.38,0,1722.31,organic,2021,Toledo
14/11/2021 0:00,1.62,451.22,13.1,438.13,0,1698.38,organic,2021,Toledo
07/11/2021 0:00,1.69,428.12,40.1,388.03,0,1659.47,organic,2021,Toledo
26/12/2021 0:00,1.11,"38,826.63",28308.73,6490.33,4027.57,23446.63,conventional,2021,Toledo
19/12/2021 0:00,1.09,"43,379.81",32016.89,6991.36,4371.56,22005.36,conventional,2021,Toledo
12/12/2021 0:00,1.01,"45,393.38",36504.9,6003.59,2884.9,25686.06,conventional,2021,Toledo
05/12/2021 0:00,0.97,"55,776.39",47243.26,5856.12,2677.01,22463.04,conventional,2021,Toledo
26/12/2021 0:00,1.87,326.3,31.44,294.86,0,1616.62,organic,2021,Toledo
19/12/2021 0:00,1.88,319.54,21.67,297.87,0,1438.47,organic,2021,Toledo
12/12/2021 0:00,1.7,359.84,43.19,316.65,0,1524.83,organic,2021,Toledo
05/12/2021 0:00,1.71,438.43,37.08,401.35,0,1453.49,organic,2021,Toledo
04/01/2021 0:00,0.85,"22,604,407.65",12241081.49,9415961.22,947364.93,10088297.98,conventional,2021,Total U.S.
04/01/2021 0:00,1.42,"247,040.63",84135.34,159981.37,2923.94,972149.8,organic,2021,Total U.S.
10/01/2021 0:00,0.93,"20,493,546.20",11949417.78,7940367.48,603760.93,11738952.51,conventional,2021,Total U.S.
10/01/2021 0:00,1.45,"307,217.44",90362.52,142393.62,74461.3,1189394.22,organic,2021,Total U.S.
17/01/2021 0:00,0.95,"21,302,847.82",11957104.81,8410748.32,934994.69,11653823.19,conventional,2021,Total U.S.
17/01/2021 0:00,1.51,"256,315.00",103703.96,137256.79,15354.24,1118517.93,organic,2021,Total U.S.
24/01/2021 0:00,0.93,"21,711,473.17",11765942.95,9108383.91,837146.3,11102726.03,conventional,2021,Total U.S.
24/01/2021 0:00,1.46,"240,241.25",94730.53,141181.61,4329.11,1160300.21,organic,2021,Total U.S.
31/01/2021 0:00,0.95,"20,589,457.38",12041263.33,8090330.89,457863.16,11595941.83,conventional,2021,Total U.S.
31/01/2021 0:00,1.46,"221,724.93",81600.27,136880.2,3244.45,1184072.59,organic,2021,Total U.S.
07/02/2021 0:00,0.85,"26,044,832.33",14455951.63,10555610.13,1033270.57,12999193.05,conventional,2021,Total U.S.
07/02/2021 0:00,1.39,"241,238.72",81040.64,156159.26,4038.82,1200572.56,organic,2021,Total U.S.
14/02/2021 0:00,0.92,"21,014,625.09",11962641.41,8356793.53,695190.15,11361927.8,conventional,2021,Total U.S.
14/02/2021 0:00,1.44,"247,820.59",84641.2,158207.81,4971.58,1113605.7,organic,2021,Total U.S.
21/02/2021 0:00,0.97,"19,088,820.72",11164465.82,7523442.05,400912.85,10282432.61,conventional,2021,Total U.S.
21/02/2021 0:00,1.44,"297,694.98",91390.92,151496.48,54807.58,1120232.49,organic,2021,Total U.S.
28/02/2021 0:00,0.93,"20,281,816.36",11262423.13,8257861.91,761531.32,11038553.05,conventional,2021,Total U.S.
28/02/2021 0:00,1.43,"429,660.78",82554.4,333825.68,13280.69,1179766.64,organic,2021,Total U.S.
07/03/2021 0:00,0.98,"20,036,086.16",11261314.8,8200831.61,573939.75,12206631.63,conventional,2021,Total U.S.
07/03/2021 0:00,1.43,"323,036.71",83600.38,235052.98,4383.35,1262537.42,organic,2021,Total U.S.
14/03/2021 0:00,1,"19,781,848.54",11575866.12,7714614.19,491368.22,11795886.36,conventional,2021,Total U.S.
14/03/2021 0:00,1.5,"217,517.97",78253.14,135592.23,3672.59,1199053.97,organic,2021,Total U.S.
21/03/2021 0:00,1.01,"19,743,740.88",10805831.99,8310816.01,627092.89,10966877.71,conventional,2021,Total U.S.
21/03/2021 0:00,1.51,"233,136.15",93939.7,135833.63,3362.82,1189865.38,organic,2021,Total U.S.
28/03/2021 0:00,1.09,"18,565,974.48",10614815.42,7470400.86,480758.2,11388155.29,conventional,2021,Total U.S.
28/03/2021 0:00,1.54,"209,398.10",81010.3,123806.45,4581.35,1245162.57,organic,2021,Total U.S.
04/04/2021 0:00,1.17,"18,768,612.47",11011181.27,7223163.03,534268.17,11485365.85,conventional,2021,Total U.S.
04/04/2021 0:00,1.62,"200,047.18",81070.35,115875.98,3100.86,1288160.2,organic,2021,Total U.S.
11/04/2021 0:00,1.16,"18,440,090.95",11305864.58,6749597.15,384629.22,10701492.35,conventional,2021,Total U.S.
11/04/2021 0:00,1.64,"214,985.76",94921.27,116084.68,3979.81,1263093.56,organic,2021,Total U.S.
18/04/2021 0:00,1.19,"19,260,946.73",11856522.34,7007016.24,397408.15,11199711.81,conventional,2021,Total U.S.
18/04/2021 0:00,1.64,"209,099.14",94966.83,112604.78,1527.54,1347256.21,organic,2021,Total U.S.
25/04/2021 0:00,1.17,"18,658,059.04",11504717.89,6776506.43,376834.71,11225172.65,conventional,2021,Total U.S.
25/04/2021 0:00,1.68,"244,517.50",126616.16,117122.09,779.25,1294746.8,organic,2021,Total U.S.
02/05/2021 0:00,1.08,"21,452,305.20",12830101.2,8101757.59,520446.41,11148977.87,conventional,2021,Total U.S.
02/05/2021 0:00,1.57,"258,726.37",133069.12,125336.2,321.05,1267358.49,organic,2021,Total U.S.
09/05/2021 0:00,1.13,"20,673,201.07",12259275.69,7959115.37,454810,10820389.58,conventional,2021,Total U.S.
09/05/2021 0:00,1.6,"245,205.20",107740.89,137051.64,412.67,1273244.78,organic,2021,Total U.S.
16/05/2021 0:00,1.15,"18,352,379.63",10806593.01,7064001.04,481785.59,10385495,conventional,2021,Total U.S.
16/05/2021 0:00,1.66,"227,561.51",94334.4,132882.08,345.04,1182981.73,organic,2021,Total U.S.
13/06/2021 0:00,1.14,"18,869,173.83",11335780.27,7112214.79,421178.77,11133955.08,conventional,2021,Total U.S.
06/06/2021 0:00,1.15,"18,948,582.49",11386864.45,7172741.76,388976.28,10861248.65,conventional,2021,Total U.S.
30/05/2021 0:00,1.19,"19,001,518.04",11098232.77,7411198.96,492086.32,10934964.95,conventional,2021,Total U.S.
23/05/2021 0:00,1.13,"18,379,268.31",10695986.34,7292984.13,390297.83,10862257.63,conventional,2021,Total U.S.
13/06/2021 0:00,1.67,"181,622.74",72302.63,109068.8,251.32,1229671.59,organic,2021,Total U.S.
06/06/2021 0:00,1.69,"174,887.87",67043.78,107559.64,284.45,1236393.04,organic,2021,Total U.S.
30/05/2021 0:00,1.66,"186,779.44",73916.69,112605.51,257.24,1245514.24,organic,2021,Total U.S.
23/05/2021 0:00,1.59,"189,515.70",74606.38,114646.16,263.17,1345779.49,organic,2021,Total U.S.
11/07/2021 0:00,1.07,"19,121,143.88",11226486.17,7399309.12,495348.58,10813165.74,conventional,2021,Total U.S.
04/07/2021 0:00,1.13,"20,069,183.56",11514748.56,7961384.59,593050.4,10837242.46,conventional,2021,Total U.S.
27/06/2021 0:00,1.14,"18,950,255.36",11328714.72,7179173.8,442366.83,9880721.3,conventional,2021,Total U.S.
20/06/2021 0:00,1.16,"19,294,120.88",10787503.37,7969420.86,537196.65,10532018.55,conventional,2021,Total U.S.
11/07/2021 0:00,1.7, -   ,0,0,0,926913.77,organic,2021,Total U.S.
04/07/2021 0:00,1.69, -   ,0,0,0,1076524.94,organic,2021,Total U.S.
27/06/2021 0:00,1.67,0.01,0,0,0,1020891.77,organic,2021,Total U.S.
20/06/2021 0:00,1.61, -   ,0,0,0,1175727.33,organic,2021,Total U.S.
08/08/2021 0:00,1.1,"17,729,951.81",9826354.71,7350080.4,553516.71,9836933.71,conventional,2021,Total U.S.
01/08/2021 0:00,1.11,"16,812,916.37",9047826.98,7242650.79,522438.61,10500167.79,conventional,2021,Total U.S.
25/07/2021 0:00,1.07,"18,026,768.89",10081026.44,7171438.85,774303.6,10727282.12,conventional,2021,Total U.S.
18/07/2021 0:00,1.04,"18,445,283.74",10342606.45,7308794.62,793882.67,12105778.63,conventional,2021,Total U.S.
08/08/2021 0:00,1.78,"197,217.62",87536.43,109516.22,164.96,998375.69,organic,2021,Total U.S.
01/08/2021 0:00,1.78,"225,691.38",70499.97,154787.13,404.28,956717.98,organic,2021,Total U.S.
25/07/2021 0:00,1.71,"316,205.86",71097.8,244372.58,735.47,973445.35,organic,2021,Total U.S.
18/07/2021 0:00,1.74,"172,481.52",67727.58,104569.88,184.06,1015849.52,organic,2021,Total U.S.
05/09/2021 0:00,1.08,"17,211,535.91",10205925.17,6533650.13,471960.61,11700433.82,conventional,2021,Total U.S.
29/08/2021 0:00,1.09,"17,234,093.27",9595056.92,7095884.62,543151.74,10438946.25,conventional,2021,Total U.S.
22/08/2021 0:00,1.1,"16,574,799.61",9333883.45,6801658.6,439257.56,11255574.86,conventional,2021,Total U.S.
15/08/2021 0:00,1.1,"17,568,695.86",9452998.89,7462214.31,653482.65,10493649.4,conventional,2021,Total U.S.
05/09/2021 0:00,1.71,"201,354.73",89474.5,111764.23,116,1105259.44,organic,2021,Total U.S.
29/08/2021 0:00,1.73,"206,145.24",90078.65,115939.91,126.68,1083710.87,organic,2021,Total U.S.
22/08/2021 0:00,1.74,"193,954.92",80381.16,113398.3,175.46,1079497.19,organic,2021,Total U.S.
15/08/2021 0:00,1.75,"194,541.36",84202.5,110189.5,149.36,1021234.38,organic,2021,Total U.S.
03/10/2021 0:00,1.18,"15,637,591.17",10381726.91,4851001.41,404862.85,9248538.12,conventional,2021,Total U.S.
26/09/2021 0:00,1.17,"16,141,415.74",10309031.94,5458645.63,373738.17,9875295.41,conventional,2021,Total U.S.
19/09/2021 0:00,1.17,"16,174,232.95",10045334.95,5629906.37,498991.63,10023874.37,conventional,2021,Total U.S.
12/09/2021 0:00,1.15,"16,465,896.22",9743072.78,6142830.86,579992.58,10038358.83,conventional,2021,Total U.S.
03/10/2021 0:00,1.66,"188,864.74",80574.43,108183.28,107.03,1029193.42,organic,2021,Total U.S.
26/09/2021 0:00,1.7,"202,125.07",91942.44,110019.76,162.86,970329.49,organic,2021,Total U.S.
19/09/2021 0:00,1.77,"220,853.43",99603.53,120916.46,333.44,1005562.38,organic,2021,Total U.S.
12/09/2021 0:00,1.72,"202,600.41",85525.99,116905.75,168.68,1078869.52,organic,2021,Total U.S.
31/10/2021 0:00,1.14,"14,874,500.57",9963901.86,4559558.77,351039.94,9788637.7,conventional,2021,Total U.S.
24/10/2021 0:00,1.16,"15,097,332.01",10135904.26,4556780.49,404647.26,9224800.14,conventional,2021,Total U.S.
17/10/2021 0:00,1.18,"14,870,226.10",9965844.91,4532507.87,371873.32,10231562.93,conventional,2021,Total U.S.
10/10/2021 0:00,1.21,"15,546,769.62",10146468.34,4968169.73,432131.54,9876232.89,conventional,2021,Total U.S.
31/10/2021 0:00,1.57,"199,007.11",88383.57,110513.86,109.68,1144378.57,organic,2021,Total U.S.
24/10/2021 0:00,1.63,"195,258.67",91416.78,103582.07,259.82,1103356.42,organic,2021,Total U.S.
17/10/2021 0:00,1.66,"188,047.57",75657.56,112247.44,142.57,1051494.06,organic,2021,Total U.S.
10/10/2021 0:00,1.63,"201,102.15",96627.24,104361.49,113.42,1123056.9,organic,2021,Total U.S.
28/11/2021 0:00,1.2,"12,538,491.25",8409873.92,3820985.6,307631.74,8009946.56,conventional,2021,Total U.S.
21/11/2021 0:00,1.19,"13,717,753.30",9131474.94,4275796.29,310482.07,9035572,conventional,2021,Total U.S.
14/11/2021 0:00,1.16,"14,412,037.48",9247958.8,4837842.94,326235.74,10289709.31,conventional,2021,Total U.S.
07/11/2021 0:00,1.13,"14,841,206.38",9375437.7,5102090.86,363677.83,10004971.42,conventional,2021,Total U.S.
28/11/2021 0:00,1.62,"150,496.15",65280.17,85003.19,212.79,940298.46,organic,2021,Total U.S.
21/11/2021 0:00,1.61,"171,908.50",78069.16,93460.51,378.83,1090665.49,organic,2021,Total U.S.
14/11/2021 0:00,1.59,"175,366.24",75786.79,99321.77,257.68,1176735.94,organic,2021,Total U.S.
07/11/2021 0:00,1.63,"203,995.65",92602.74,111229.81,163.09,1106191.68,organic,2021,Total U.S.
26/12/2021 0:00,1.2,"13,546,105.37",9098556.49,4138087.34,309461.4,9175924.41,conventional,2021,Total U.S.
19/12/2021 0:00,1.2,"13,759,113.75",9157380.39,4316806.99,284926.37,9091046.8,conventional,2021,Total U.S.
12/12/2021 0:00,1.15,"14,559,672.70",9682697.14,4555483.71,321492.34,9548828.79,conventional,2021,Total U.S.
05/12/2021 0:00,1.1,"15,636,636.46",10490291.75,4801701.03,344643.68,8873776.54,conventional,2021,Total U.S.
26/12/2021 0:00,1.58,"150,985.19",66962.42,83661.07,361.7,1160951.09,organic,2021,Total U.S.
19/12/2021 0:00,1.57,"166,588.50",75079.4,90894.36,614.75,1151748.63,organic,2021,Total U.S.
12/12/2021 0:00,1.54,"222,312.10",78900.49,143254.99,156.62,1200945.97,organic,2021,Total U.S.
05/12/2021 0:00,1.57,"264,962.20",84069.16,180779.24,113.8,1103508.06,organic,2021,Total U.S.
04/01/2021 0:00,0.79,"3,107,358.93",1768308.32,1302797.27,36253.34,1335466.97,conventional,2021,West
04/01/2021 0:00,1.42,"73,354.11",17654.58,54582.11,1117.42,101103.89,organic,2021,West
10/01/2021 0:00,0.89,"2,769,025.38",1786559.95,958666.54,23798.89,1631782.57,conventional,2021,West
10/01/2021 0:00,1.48,"88,831.34",19776.35,44448.33,24606.67,106184.54,organic,2021,West
17/01/2021 0:00,0.88,"2,747,807.11",1853292.02,872107.57,22407.52,1651035.5,conventional,2021,West
17/01/2021 0:00,1.52,"63,099.58",18722.19,39909.52,4467.88,110201.52,organic,2021,West
24/01/2021 0:00,0.88,"2,653,802.26",1594060.27,1037468.68,22273.31,1518071.22,conventional,2021,West
24/01/2021 0:00,1.54,"50,317.85",15673.04,33144.96,1499.85,97875.51,organic,2021,West
31/01/2021 0:00,0.88,"2,631,395.32",1731934.31,876015.33,23445.67,1540444.36,conventional,2021,West
31/01/2021 0:00,1.6,"45,990.25",14938.2,30123.37,928.69,102888.21,organic,2021,West
07/02/2021 0:00,0.83,"3,134,937.31",1948483.76,1153935.09,32518.46,1624021.72,conventional,2021,West
07/02/2021 0:00,1.38,"59,346.57",17509.29,40665.27,1172,103178.55,organic,2021,West
14/02/2021 0:00,0.88,"2,744,730.37",1738533.97,983303.67,22892.72,1550775.28,conventional,2021,West
14/02/2021 0:00,1.45,"57,047.41",18246.61,37173.53,1627.27,99205.3,organic,2021,West
21/02/2021 0:00,0.93,"2,651,841.45",1758035.89,871405.24,22400.33,1491957.67,conventional,2021,West
21/02/2021 0:00,1.5,"67,075.79",20875.48,32331.3,13869.01,100823.99,organic,2021,West
28/02/2021 0:00,0.86,"2,710,760.41",1688435.44,1000727.15,21597.81,1491953.68,conventional,2021,West
28/02/2021 0:00,1.47,"68,395.74",16324.2,49418.46,2653.08,103518.86,organic,2021,West
07/03/2021 0:00,0.94,"2,642,828.96",1655973.75,959693.6,27161.6,1564952.38,conventional,2021,West
07/03/2021 0:00,1.47,"54,178.97",14390.14,38529.7,1259.13,121209.46,organic,2021,West
14/03/2021 0:00,0.98,"2,646,474.17",1774719.84,849629.41,22124.92,1700947.28,conventional,2021,West
14/03/2021 0:00,1.65,"42,420.48",17394.14,24141.96,884.37,117993.36,organic,2021,West
21/03/2021 0:00,0.97,"2,554,794.30",1557494.66,970800.4,26499.25,1384716.33,conventional,2021,West
21/03/2021 0:00,1.7,"54,746.93",15788.44,38081.57,876.93,105376.09,organic,2021,West
28/03/2021 0:00,1.04,"2,658,993.86",1663343.54,973426.76,22223.56,1477644.59,conventional,2021,West
28/03/2021 0:00,1.65,"46,821.30",14504.86,30824.13,1492.32,130823.68,organic,2021,West
04/04/2021 0:00,1.19,"2,456,621.23",1665469.76,767064.18,24087.29,1662275.7,conventional,2021,West
04/04/2021 0:00,1.81,"43,850.52",17728.3,25424.65,697.58,133089.63,organic,2021,West
11/04/2021 0:00,1.18,"2,374,044.27",1706323.71,644214.3,23506.25,1454438.53,conventional,2021,West
11/04/2021 0:00,1.88,"41,063.90",18952.79,20997.61,1113.51,123541.43,organic,2021,West
18/04/2021 0:00,1.17,"2,496,107.28",1801466.04,670434.91,24206.34,1593071,conventional,2021,West
18/04/2021 0:00,1.9,"41,591.61",20608.49,20829.85,153.27,126607.69,organic,2021,West
25/04/2021 0:00,1.16,"2,423,927.69",1738974.41,661359.68,23593.6,1577274.57,conventional,2021,West
25/04/2021 0:00,1.96,"46,158.57",21164.32,24985.86,8.38,108735.78,organic,2021,West
02/05/2021 0:00,1.07,"2,487,221.53",1635949.13,826125.28,25147.12,1462744.93,conventional,2021,West
02/05/2021 0:00,1.53,"77,945.52",43943.73,33994.29,7.51,115388.04,organic,2021,West
09/05/2021 0:00,1.15,"2,547,767.52",1623779.15,896515.83,27472.55,1530604.25,conventional,2021,West
09/05/2021 0:00,1.56,"81,791.99",41662.37,40124.1,5.52,117251.52,organic,2021,West
16/05/2021 0:00,1.06,"2,507,352.68",1649154.32,836651.17,21547.2,1430333.29,conventional,2021,West
16/05/2021 0:00,1.77,"41,127.90",15777.1,25348.19,2.6,109477.85,organic,2021,West
13/06/2021 0:00,1.11,"2,469,889.53",1625314.7,821300.07,23274.77,1466819.05,conventional,2021,West
06/06/2021 0:00,1.14,"2,476,701.61",1677677.63,772693.21,26330.76,1434095.46,conventional,2021,West
30/05/2021 0:00,1.18,"2,353,105.83",1516343.52,811726.8,25035.52,1499075.33,conventional,2021,West
23/05/2021 0:00,1.11,"2,277,701.17",1456418.68,795848.9,25433.59,1467695.82,conventional,2021,West
13/06/2021 0:00,1.94,"30,053.00",11978.69,18067.26,7.05,107666.47,organic,2021,West
06/06/2021 0:00,1.94,"30,730.76",10057.25,20664.67,8.84,112040.23,organic,2021,West
30/05/2021 0:00,1.91,"31,527.48",11467.12,20050.42,9.94,105386.9,organic,2021,West
23/05/2021 0:00,1.79,"34,328.47",12495.56,21831.76,1.15,113878.94,organic,2021,West
11/07/2021 0:00,1.01,"2,748,589.93",1846792.73,868495.78,33301.42,1518880.93,conventional,2021,West
04/07/2021 0:00,1.06,"2,781,766.60",1715873.81,1017225.23,48667.57,1500300.1,conventional,2021,West
27/06/2021 0:00,1.06,"2,570,882.54",1612649.14,927074.16,31159.24,1462849.92,conventional,2021,West
20/06/2021 0:00,1.1,"2,591,997.71",1705623.69,858236,28138.03,1481756.36,conventional,2021,West
11/07/2021 0:00,1.9, -   ,0,0,0,95105.33,organic,2021,West
04/07/2021 0:00,1.9, -   ,0,0,0,107074.51,organic,2021,West
27/06/2021 0:00,1.88, -   ,0,0,0,108422.38,organic,2021,West
20/06/2021 0:00,1.87, -   ,0,0,0,109243.09,organic,2021,West
08/08/2021 0:00,1.02,"2,452,054.60",1386461.54,1022921.03,42672.03,1468584.87,conventional,2021,West
01/08/2021 0:00,1.06,"2,094,623.99",1129045.54,924910.13,40668.32,1564790.96,conventional,2021,West
25/07/2021 0:00,1.05,"2,290,414.07",1375105.64,876283.11,39025.33,1549501.09,conventional,2021,West
18/07/2021 0:00,1.05,"2,268,145.80",1439564.88,788224.1,40356.82,1579606.14,conventional,2021,West
08/08/2021 0:00,1.94,"32,970.34",13975.45,18992.6,2.29,89669.22,organic,2021,West
01/08/2021 0:00,1.96,"32,458.11",11577.62,20866.22,14.27,91896.96,organic,2021,West
25/07/2021 0:00,1.83,"36,329.60",12743.46,23547.29,38.85,90936.32,organic,2021,West
18/07/2021 0:00,1.89,"33,134.92",12649.38,20485.54,0,91018.18,organic,2021,West
05/09/2021 0:00,1.02,"2,630,464.29",1616163.51,983006.69,31294.09,1554824.66,conventional,2021,West
29/08/2021 0:00,0.99,"2,623,411.92",1633575.46,961995.56,27840.9,1442564.43,conventional,2021,West
22/08/2021 0:00,1.1,"2,340,787.06",1559017.18,745082.89,36686.99,1494591.57,conventional,2021,West
15/08/2021 0:00,1.05,"2,406,230.40",1450668.83,917869.28,37692.29,1517434.25,conventional,2021,West
05/09/2021 0:00,1.89,"32,769.76",13158.07,19610.62,1.08,91329.8,organic,2021,West
29/08/2021 0:00,1.86,"34,195.91",12340.74,21851.21,3.96,93451.8,organic,2021,West
22/08/2021 0:00,1.89,"33,446.35",12511.71,20929.51,5.13,86875.27,organic,2021,West
15/08/2021 0:00,1.88,"36,568.33",13277.82,23289.38,1.12,79374.19,organic,2021,West
03/10/2021 0:00,1.07,"2,406,475.57",1868613.74,509654.63,28207.2,1464251.51,conventional,2021,West
26/09/2021 0:00,1.07,"2,383,774.09",1803154.15,553380.86,27239.08,1482495.4,conventional,2021,West
19/09/2021 0:00,1.12,"2,252,866.37",1595908.17,631289.29,25668.91,1455414.22,conventional,2021,West
12/09/2021 0:00,1.13,"2,292,027.88",1546335.42,716699.56,28992.9,1512607.45,conventional,2021,West
03/10/2021 0:00,1.95,"31,919.69",14018.09,17901.59,0,88705.38,organic,2021,West
26/09/2021 0:00,1.94,"34,678.44",14781.04,19865.79,31.62,86099.88,organic,2021,West
19/09/2021 0:00,2.03,"35,734.80",14174.32,21423.87,136.61,87114.23,organic,2021,West
12/09/2021 0:00,2,"32,706.79",13381.36,19296.73,28.7,88577.44,organic,2021,West
31/10/2021 0:00,1.09,"2,074,846.46",1597461.97,455255.16,22129.33,1406412.68,conventional,2021,West
24/10/2021 0:00,1.09,"2,339,798.30",1827584.77,487237.08,24976.46,1372475.47,conventional,2021,West
17/10/2021 0:00,1.16,"2,076,542.79",1582847.8,465852.32,27842.66,1412449.49,conventional,2021,West
10/10/2021 0:00,1.18,"1,978,721.85",1457586.27,487632.12,33503.46,1474170.74,conventional,2021,West
31/10/2021 0:00,1.91,"46,463.00",15013.38,31442.2,7.42,78107.65,organic,2021,West
24/10/2021 0:00,1.92,"36,141.95",14064.45,22067.79,9.73,86033.01,organic,2021,West
17/10/2021 0:00,1.94,"39,946.85",13009.26,26932.49,5.1,87994.76,organic,2021,West
10/10/2021 0:00,2.04,"35,333.98",13278.52,22044.81,10.64,85305.98,organic,2021,West
28/11/2021 0:00,1.2,"1,550,811.08",1117292.36,413354.98,20163.74,1142427.35,conventional,2021,West
21/11/2021 0:00,1.14,"1,905,421.84",1312850.84,571867.55,20703.46,1376109.91,conventional,2021,West
14/11/2021 0:00,1.11,"2,179,596.89",1435686.22,721538.15,22372.53,1562057.72,conventional,2021,West
07/11/2021 0:00,1.09,"2,183,964.59",1627760.11,530652.04,25552.44,1758593.52,conventional,2021,West
28/11/2021 0:00,2.01,"27,084.70",10823.86,16260.84,0,70369.8,organic,2021,West
21/11/2021 0:00,1.92,"28,525.06",12446.91,16078.16,0,83738.97,organic,2021,West
14/11/2021 0:00,1.88,"30,041.80",12831.42,17208.98,1.41,89006.04,organic,2021,West
07/11/2021 0:00,1.9,"55,560.74",25249.29,30308.1,3.34,88889.43,organic,2021,West
26/12/2021 0:00,1.21,"1,749,244.10",1210633.65,517700.95,20909.51,1441689.06,conventional,2021,West
19/12/2021 0:00,1.17,"1,731,699.65",1201028.43,509948.67,20722.54,1376351.88,conventional,2021,West
12/12/2021 0:00,1.11,"1,964,980.49",1321219.35,621799.97,21961.27,1411745.6,conventional,2021,West
05/12/2021 0:00,1.08,"2,166,011.64",1510581.84,630051.36,25378.44,1317825.67,conventional,2021,West
26/12/2021 0:00,1.91,"27,491.94",11769.41,15540.25,182.28,95349.79,organic,2021,West
19/12/2021 0:00,1.88,"30,162.29",13637.68,16102.76,421.85,88511.85,organic,2021,West
12/12/2021 0:00,1.83,"36,238.90",15150.57,21045.24,43.09,84560.32,organic,2021,West
05/12/2021 0:00,1.74,"41,957.99",16990.98,24950.87,16.14,88621.33,organic,2021,West
04/01/2021 0:00,0.62,"533,465.86",307507.02,205591.04,20367.81,267345.8,conventional,2021,West Tex/New Mexico
04/01/2021 0:00,1.05,"3,450.38",813.93,620.87,2015.57,21445.2,organic,2021,West Tex/New Mexico
10/01/2021 0:00,0.68,"430,553.51",316632.13,100965.45,12955.92,354759.93,conventional,2021,West Tex/New Mexico
10/01/2021 0:00,1.03,"57,614.96",1130.71,6976.39,49507.87,16561.26,organic,2021,West Tex/New Mexico
17/01/2021 0:00,0.67,"436,070.55",322900.82,103526.76,9642.98,399296.81,conventional,2021,West Tex/New Mexico
17/01/2021 0:00,1.33,"12,877.11",1657.74,1530.05,9689.33,24309.21,organic,2021,West Tex/New Mexico
24/01/2021 0:00,0.69,"433,378.39",324675.64,99595.79,9106.96,368926.79,conventional,2021,West Tex/New Mexico
24/01/2021 0:00,1.35,"4,238.67",691.01,634.48,2913.19,11821.56,organic,2021,West Tex/New Mexico
31/01/2021 0:00,0.7,"469,988.62",331514.4,128099.92,10374.29,348038.73,conventional,2021,West Tex/New Mexico
31/01/2021 0:00,1.13,"3,151.30",576.01,799.8,1775.49,22316.7,organic,2021,West Tex/New Mexico
07/02/2021 0:00,0.64,"666,874.53",425223.44,220736.09,20915,370817.43,conventional,2021,West Tex/New Mexico
07/02/2021 0:00,1.1,"4,318.89",1307.72,825.33,2185.84,22656.9,organic,2021,West Tex/New Mexico
14/02/2021 0:00,0.69,"548,132.53",422907.85,116536.79,8687.9,352572.2,conventional,2021,West Tex/New Mexico
14/02/2021 0:00,1.14,"5,049.29",1583.88,706.86,2758.56,21562.14,organic,2021,West Tex/New Mexico
21/02/2021 0:00,0.67,"418,091.46",334971.9,75919.14,7200.42,386154.05,conventional,2021,West Tex/New Mexico
21/02/2021 0:00,1.01,"40,737.02",1428.58,5232.75,34075.69,18593.93,organic,2021,West Tex/New Mexico
28/02/2021 0:00,0.71,"442,664.32",316817.61,116729.07,9117.63,335837.31,conventional,2021,West Tex/New Mexico
28/02/2021 0:00,1.22,"8,804.87",1194.18,1075.31,6535.38,31786.93,organic,2021,West Tex/New Mexico
07/03/2021 0:00,0.7,"558,436.88",354630.76,187819.98,15986.14,333279.47,conventional,2021,West Tex/New Mexico
07/03/2021 0:00,1,"3,514.43",675.13,653.62,2185.69,54769.58,organic,2021,West Tex/New Mexico
14/03/2021 0:00,0.79,"444,163.68",324707.2,111407,8049.47,395895.17,conventional,2021,West Tex/New Mexico
14/03/2021 0:00,1.08,"3,182.55",637.75,735.16,1809.64,28959.87,organic,2021,West Tex/New Mexico
21/03/2021 0:00,0.75,"538,538.59",311513.53,211727.86,15297.2,326255.72,conventional,2021,West Tex/New Mexico
21/03/2021 0:00,1.06,"3,418.88",922.61,1035.51,1460.76,28052.41,organic,2021,West Tex/New Mexico
28/03/2021 0:00,0.92,"429,084.07",291967.52,129103.75,8012.8,322112.05,conventional,2021,West Tex/New Mexico
28/03/2021 0:00,1.14,"3,971.66",798.38,730.11,2443.17,28304.41,organic,2021,West Tex/New Mexico
04/04/2021 0:00,0.85,"500,681.69",363462.19,128668.15,8551.34,366769.28,conventional,2021,West Tex/New Mexico
04/04/2021 0:00,1.05,"2,548.66",821.48,506.68,1220.5,58386.38,organic,2021,West Tex/New Mexico
11/04/2021 0:00,0.97,"454,008.07",320116.3,125390.03,8501.74,316435.76,conventional,2021,West Tex/New Mexico
11/04/2021 0:00,1.24,"3,404.11",877.54,633.01,1893.57,27435.38,organic,2021,West Tex/New Mexico
18/04/2021 0:00,0.97,"477,247.83",351224.17,118169.69,7853.97,322252.18,conventional,2021,West Tex/New Mexico
18/04/2021 0:00,1.16,"1,629.30",889.38,463.73,276.19,24297.95,organic,2021,West Tex/New Mexico
25/04/2021 0:00,0.97,"479,063.25",351677.41,119578.11,7807.73,368418.96,conventional,2021,West Tex/New Mexico
25/04/2021 0:00,1.29,"1,140.02",768.74,371.27,0,15924.69,organic,2021,West Tex/New Mexico
02/05/2021 0:00,0.95,"443,247.79",297377.7,137146.1,8724,386266.86,conventional,2021,West Tex/New Mexico
02/05/2021 0:00,1.27,"1,159.21",810.71,348.5,0,24654,organic,2021,West Tex/New Mexico
09/05/2021 0:00,1.02,"454,256.78",310638.31,135062.33,8556.13,328934.4,conventional,2021,West Tex/New Mexico
09/05/2021 0:00,1.3,"1,328.29",885.49,442.8,0,22350.96,organic,2021,West Tex/New Mexico
16/05/2021 0:00,0.97,"449,661.86",287833.2,152642.32,9186.35,320502.57,conventional,2021,West Tex/New Mexico
16/05/2021 0:00,1.27,"1,177.42",818.01,359.41,0,22299.11,organic,2021,West Tex/New Mexico
13/06/2021 0:00,0.89,"451,963.02",328289.31,118091.08,5582.63,387777.8,conventional,2021,West Tex/New Mexico
06/06/2021 0:00,0.97,"455,776.43",321219.91,127190.49,7366.04,347614.95,conventional,2021,West Tex/New Mexico
30/05/2021 0:00,0.99,"448,188.36",298043.76,141461.84,8682.78,376599.01,conventional,2021,West Tex/New Mexico
23/05/2021 0:00,0.99,"426,824.05",294936.44,124471.6,7416.01,324657.36,conventional,2021,West Tex/New Mexico
13/06/2021 0:00,1.34,"1,163.62",750.68,412.94,0,22491.66,organic,2021,West Tex/New Mexico
06/06/2021 0:00,1.34,969.33,594.91,371.45,2.96,21653.89,organic,2021,West Tex/New Mexico
30/05/2021 0:00,1.33,"1,040.34",647.62,388.28,4.45,21774.9,organic,2021,West Tex/New Mexico
23/05/2021 0:00,1.29,"1,160.54",839.58,320.96,0,24642.19,organic,2021,West Tex/New Mexico
11/07/2021 0:00,0.8,"417,258.86",325672.48,64874.35,26712.03,384212.58,conventional,2021,West Tex/New Mexico
04/07/2021 0:00,0.83,"451,880.80",293917.29,110385.5,47578.01,364204,conventional,2021,West Tex/New Mexico
27/06/2021 0:00,0.81,"434,892.77",326303.75,95355.41,13233.6,398050.52,conventional,2021,West Tex/New Mexico
20/06/2021 0:00,0.89,"435,638.43",294601.79,133791.92,7244.74,389405.21,conventional,2021,West Tex/New Mexico
11/07/2021 0:00,1.25, -   ,0,0,0,12135.64,organic,2021,West Tex/New Mexico
04/07/2021 0:00,1.16,-0.01,0,0,0,32258.72,organic,2021,West Tex/New Mexico
27/06/2021 0:00,1.16,0,0,0,0,33007.13,organic,2021,West Tex/New Mexico
20/06/2021 0:00,1.22, -   ,0,0,0,29477.53,organic,2021,West Tex/New Mexico
08/08/2021 0:00,0.76,"406,763.19",289393.42,78519.18,38850.59,312142.24,conventional,2021,West Tex/New Mexico
01/08/2021 0:00,0.82,"351,735.42",257351.88,60287.21,34096.34,361489.2,conventional,2021,West Tex/New Mexico
25/07/2021 0:00,0.77,"376,247.29",287454.96,58014.1,30778.23,414869.07,conventional,2021,West Tex/New Mexico
18/07/2021 0:00,0.79,"399,684.85",288035.21,70244.67,41404.98,376855.94,conventional,2021,West Tex/New Mexico
08/08/2021 0:00,1.36,"1,281.31",853.99,427.32,0,18307.32,organic,2021,West Tex/New Mexico
01/08/2021 0:00,1.37,"1,110.51",709.68,397.87,2.96,19362.35,organic,2021,West Tex/New Mexico
25/07/2021 0:00,1.33,"1,757.46",1193.14,552.1,12.22,13125.51,organic,2021,West Tex/New Mexico
18/07/2021 0:00,1.34,"1,396.83",1066.43,330.4,0,17504.83,organic,2021,West Tex/New Mexico
05/09/2021 0:00,0.87,"368,661.29",263109.51,74220.34,31331.44,353386.28,conventional,2021,West Tex/New Mexico
29/08/2021 0:00,0.88,"362,922.08",267945.22,65967.42,29009.45,342295.59,conventional,2021,West Tex/New Mexico
22/08/2021 0:00,0.89,"351,230.73",271620.61,54342.76,25267.36,344070.08,conventional,2021,West Tex/New Mexico
15/08/2021 0:00,0.79,"392,533.08",285077.44,71946.91,35508.73,354137.28,conventional,2021,West Tex/New Mexico
05/09/2021 0:00,1.18,"1,134.09",747.87,386.23,0,21492.65,organic,2021,West Tex/New Mexico
29/08/2021 0:00,1.09,"1,078.69",762.65,316.04,0,25112.18,organic,2021,West Tex/New Mexico
22/08/2021 0:00,1.35,"1,066.20",778.5,287.7,0,12642.44,organic,2021,West Tex/New Mexico
15/08/2021 0:00,1.31,"1,255.66",796.75,458.91,0,9310.69,organic,2021,West Tex/New Mexico
03/10/2021 0:00,0.95,"319,634.95",249464.21,40339.92,29830.81,296259.49,conventional,2021,West Tex/New Mexico
26/09/2021 0:00,0.95,"321,601.06",251341.69,40888.6,29370.76,323129.33,conventional,2021,West Tex/New Mexico
19/09/2021 0:00,0.96,"339,903.06",262891.91,50056.82,26954.33,328492.76,conventional,2021,West Tex/New Mexico
12/09/2021 0:00,0.95,"337,471.26",239394.4,64643.65,33433.21,316030.15,conventional,2021,West Tex/New Mexico
03/10/2021 0:00,1.21,"1,151.56",894.5,257.06,0,21957.85,organic,2021,West Tex/New Mexico
26/09/2021 0:00,1.35,"1,076.48",768.66,307.82,0,20090.25,organic,2021,West Tex/New Mexico
19/09/2021 0:00,1.35,"1,108.41",811.29,297.13,0,16563.37,organic,2021,West Tex/New Mexico
12/09/2021 0:00,1.35,"1,012.81",699.34,313.47,0,21536.14,organic,2021,West Tex/New Mexico
31/10/2021 0:00,0.87,"334,835.76",261822.84,58380.29,14632.62,357612.64,conventional,2021,West Tex/New Mexico
24/10/2021 0:00,0.94,"333,747.24",258783.45,53679.47,21284.33,312726.75,conventional,2021,West Tex/New Mexico
17/10/2021 0:00,0.99,"331,808.12",263063.94,43171.92,25572.26,304675.04,conventional,2021,West Tex/New Mexico
10/10/2021 0:00,0.93,"322,178.71",255717.19,39588.69,26872.84,377201.78,conventional,2021,West Tex/New Mexico
31/10/2021 0:00,1.27,"1,090.50",806.94,283.56,0,22241.68,organic,2021,West Tex/New Mexico
24/10/2021 0:00,1.26,"1,244.03",1000.46,242.08,1.49,24326.65,organic,2021,West Tex/New Mexico
17/10/2021 0:00,1.2,"1,264.45",781.54,482.9,0,21126.11,organic,2021,West Tex/New Mexico
10/10/2021 0:00,1.19,"1,447.61",762.12,685.48,0,24339.48,organic,2021,West Tex/New Mexico
28/11/2021 0:00,0.95,"283,701.56",210569.31,65265.76,7866.48,242168.31,conventional,2021,West Tex/New Mexico
21/11/2021 0:00,0.93,"314,570.41",236567.8,68606.98,9395.63,308755.75,conventional,2021,West Tex/New Mexico
14/11/2021 0:00,0.95,"330,307.71",245744.5,72956.06,11607.14,311070.86,conventional,2021,West Tex/New Mexico
07/11/2021 0:00,0.93,"341,696.26",251262.47,77651.27,12782.52,301594.82,conventional,2021,West Tex/New Mexico
28/11/2021 0:00,1.22,895.18,629.09,266.09,0,17391.15,organic,2021,West Tex/New Mexico
21/11/2021 0:00,1.2,925.35,676.22,249.13,0,22642.04,organic,2021,West Tex/New Mexico
14/11/2021 0:00,1.2,"1,055.02",792.44,262.57,0,23791.51,organic,2021,West Tex/New Mexico
07/11/2021 0:00,1.22,"1,196.46",855.27,341.19,0,23209.66,organic,2021,West Tex/New Mexico
26/12/2021 0:00,0.94,"339,201.62",253006.68,78128.32,8066.63,343448.06,conventional,2021,West Tex/New Mexico
19/12/2021 0:00,0.95,"308,335.37",217862.16,82317.91,8155.3,313857.81,conventional,2021,West Tex/New Mexico
12/12/2021 0:00,0.89,"329,437.38",243866.57,78409.58,7161.22,385444.13,conventional,2021,West Tex/New Mexico
05/12/2021 0:00,0.94,"366,183.33",266495.01,90087.25,9601.05,284602.85,conventional,2021,West Tex/New Mexico
26/12/2021 0:00,1.08,873.18,559.54,313.64,0,21841.24,organic,2021,West Tex/New Mexico
19/12/2021 0:00,1.15,776.8,565.72,211.07,0,21939.06,organic,2021,West Tex/New Mexico
12/12/2021 0:00,1.21,809.68,589.53,220.15,0,20720.9,organic,2021,West Tex/New Mexico
05/12/2021 0:00,1.17,720.06,474.58,245.48,0,21357.63,organic,2021,West Tex/New Mexico
04/01/2021 0:00,0.71,"36,968.80",30657.29,6300.59,10.92,31240.94,conventional,2021,Wichita
04/01/2021 0:00,1.36,320.51,307.41,13.11,0,979.13,organic,2021,Wichita
10/01/2021 0:00,0.72,"37,824.58",31701.23,6107.24,16.11,37785.31,conventional,2021,Wichita
10/01/2021 0:00,1.38,387.66,376.71,10.94,0,974.53,organic,2021,Wichita
17/01/2021 0:00,0.72,"36,352.29",32042.97,4304.96,4.37,37927.11,conventional,2021,Wichita
17/01/2021 0:00,1.38,416.04,396.38,19.65,0,991.33,organic,2021,Wichita
24/01/2021 0:00,0.71,"35,224.92",29311.42,5908.03,5.47,36746.5,conventional,2021,Wichita
24/01/2021 0:00,1.33,228.63,218.78,9.85,0,974.53,organic,2021,Wichita
31/01/2021 0:00,0.73,"34,693.33",27920.9,6770.24,2.18,38043.58,conventional,2021,Wichita
31/01/2021 0:00,1.37,370.02,360.2,9.82,0,965.08,organic,2021,Wichita
07/02/2021 0:00,0.72,"39,478.01",30407.67,9059.39,10.94,45010.91,conventional,2021,Wichita
07/02/2021 0:00,1.39,400.31,372.97,27.34,0,1002.36,organic,2021,Wichita
14/02/2021 0:00,0.75,"36,300.35",28609.33,7689.92,1.09,37505.52,conventional,2021,Wichita
14/02/2021 0:00,1.37,355.02,346.29,8.73,0,864.68,organic,2021,Wichita
21/02/2021 0:00,0.74,"26,581.61",22655.94,3923.48,2.19,34388.8,conventional,2021,Wichita
21/02/2021 0:00,1.35,330.14,324.67,5.47,0,729.09,organic,2021,Wichita
28/02/2021 0:00,0.74,"32,417.03",26006.95,6399.16,10.91,38395.38,conventional,2021,Wichita
28/02/2021 0:00,1.38,416.02,405.11,10.91,0,906.94,organic,2021,Wichita
07/03/2021 0:00,0.79,"32,301.75",25034.19,7261.02,6.54,41212.2,conventional,2021,Wichita
07/03/2021 0:00,1.38,248.5,243.05,5.45,0,970.86,organic,2021,Wichita
14/03/2021 0:00,0.79,"32,822.19",26111.17,6699.05,11.96,40730.1,conventional,2021,Wichita
14/03/2021 0:00,1.38,283.85,279.51,4.35,0,980.31,organic,2021,Wichita
21/03/2021 0:00,0.79,"31,982.26",24536.1,7439.64,6.52,37113.02,conventional,2021,Wichita
21/03/2021 0:00,1.39,336.36,332.01,4.35,0,919.54,organic,2021,Wichita
28/03/2021 0:00,0.89,"32,095.08",24829.84,7258.72,6.52,37225.24,conventional,2021,Wichita
28/03/2021 0:00,1.42,367.16,360.64,6.52,0,922.43,organic,2021,Wichita
04/04/2021 0:00,0.94,"31,637.97",27123.54,4505.79,8.65,40116.3,conventional,2021,Wichita
04/04/2021 0:00,1.63,303.74,301.57,2.16,0,829.76,organic,2021,Wichita
11/04/2021 0:00,0.87,"32,219.76",26205.57,6011.22,2.97,33902.72,conventional,2021,Wichita
11/04/2021 0:00,1.73,320.06,309.25,10.81,0,880.03,organic,2021,Wichita
18/04/2021 0:00,0.95,"32,169.56",25690.55,6477.93,1.08,31784.91,conventional,2021,Wichita
18/04/2021 0:00,1.74,311.96,308.71,3.24,0,1017.84,organic,2021,Wichita
25/04/2021 0:00,1.08,"29,790.90",26305.71,3481.95,3.24,30845.84,conventional,2021,Wichita
25/04/2021 0:00,1.76,432.13,414.85,17.29,0,1074.02,organic,2021,Wichita
02/05/2021 0:00,0.99,"32,597.37",29855.85,2735.31,6.21,27476.04,conventional,2021,Wichita
02/05/2021 0:00,1.64,384.75,380.43,0,4.32,1128.23,organic,2021,Wichita
09/05/2021 0:00,0.96,"35,081.41",31495.91,3570.49,15,29631.4,conventional,2021,Wichita
09/05/2021 0:00,1.6,478.88,468.07,10.81,0,1100.53,organic,2021,Wichita
16/05/2021 0:00,1.01,"29,739.04",26364.15,3355.44,19.45,32555.52,conventional,2021,Wichita
16/05/2021 0:00,1.81,285.58,279.08,6.49,0,713.34,organic,2021,Wichita
13/06/2021 0:00,0.95,"34,285.90",28155.91,6120.22,9.76,31166.13,conventional,2021,Wichita
06/06/2021 0:00,0.95,"33,599.41",26990.73,6572.75,35.94,29997.47,conventional,2021,Wichita
30/05/2021 0:00,0.97,"32,192.37",29612.26,2567.12,13,31720.02,conventional,2021,Wichita
23/05/2021 0:00,0.95,"31,881.57",29158.01,2719.22,4.33,32732.17,conventional,2021,Wichita
13/06/2021 0:00,1.84,311.82,310.74,1.08,0,803.12,organic,2021,Wichita
06/06/2021 0:00,1.82,224.43,208.17,16.26,0,757.97,organic,2021,Wichita
30/05/2021 0:00,1.66,270.72,264.24,6.5,0,630.53,organic,2021,Wichita
23/05/2021 0:00,1.67,396.63,392.29,4.33,0,751.67,organic,2021,Wichita
11/07/2021 0:00,0.91,"32,836.99",29865.85,2945.94,25.2,33802.56,conventional,2021,Wichita
04/07/2021 0:00,0.92,"44,658.93",41464.53,3181.38,13.01,33667.82,conventional,2021,Wichita
27/06/2021 0:00,0.93,"42,074.36",39109.87,2941.72,22.77,30703.1,conventional,2021,Wichita
20/06/2021 0:00,1,"31,434.64",27880.12,3542.2,12.32,33269.66,conventional,2021,Wichita
11/07/2021 0:00,1.8, -   ,0,0,0,505.18,organic,2021,Wichita
04/07/2021 0:00,1.72,0.01,0,0,0,864.41,organic,2021,Wichita
27/06/2021 0:00,1.7, -   ,0,0,0,706.26,organic,2021,Wichita
20/06/2021 0:00,1.83,-0.01,0,0,0,818.48,organic,2021,Wichita
08/08/2021 0:00,0.89,"31,361.96",28284.99,3073.99,2.97,26710.43,conventional,2021,Wichita
01/08/2021 0:00,0.95,"30,386.75",27421.1,2965.65,0,30984.57,conventional,2021,Wichita
25/07/2021 0:00,0.88,"32,645.83",29962.57,2669.72,13.55,29321.12,conventional,2021,Wichita
18/07/2021 0:00,0.85,"31,107.46",28626.28,2465.46,15.72,32676.59,conventional,2021,Wichita
08/08/2021 0:00,1.64,383.81,383.81,0,0,759.15,organic,2021,Wichita
01/08/2021 0:00,1.8,323.24,317.82,5.42,0,805.35,organic,2021,Wichita
25/07/2021 0:00,1.7,300.56,295.13,3.26,2.17,809.55,organic,2021,Wichita
18/07/2021 0:00,1.67,272.09,262.32,9.77,0,618.45,organic,2021,Wichita
05/09/2021 0:00,0.92,"28,312.01",25256.58,3047.84,7.59,29816.08,conventional,2021,Wichita
29/08/2021 0:00,0.93,"27,533.90",24474.43,3049.72,9.76,29001.2,conventional,2021,Wichita
22/08/2021 0:00,0.93,"29,005.47",26450.18,2554.21,1.08,25301.69,conventional,2021,Wichita
15/08/2021 0:00,0.89,"31,307.81",27840.5,3460.27,7.03,26963.92,conventional,2021,Wichita
05/09/2021 0:00,1.73,270.03,270.03,0,0,1062.6,organic,2021,Wichita
29/08/2021 0:00,1.77,416.43,368.72,46.63,1.08,1067.85,organic,2021,Wichita
22/08/2021 0:00,1.86,392.72,386.21,6.51,0,307.65,organic,2021,Wichita
15/08/2021 0:00,1.68,283.14,267.94,15.19,0,573.3,organic,2021,Wichita
03/10/2021 0:00,0.92,"28,339.58",26665.88,1668.55,5.15,21248.12,conventional,2021,Wichita
26/09/2021 0:00,0.92,"28,267.60",26326.47,1926.99,14.13,23649.32,conventional,2021,Wichita
19/09/2021 0:00,1.05,"26,678.04",24319.46,2349.88,8.7,26216.43,conventional,2021,Wichita
12/09/2021 0:00,0.95,"28,907.88",26696.72,2196.36,14.8,28308.4,conventional,2021,Wichita
03/10/2021 0:00,1.71,313.96,299.84,14.12,0,872.55,organic,2021,Wichita
26/09/2021 0:00,1.7,288.76,288.77,0,0,858.38,organic,2021,Wichita
19/09/2021 0:00,1.79,304.02,293.15,10.87,0,889.35,organic,2021,Wichita
12/09/2021 0:00,1.8,356.8,351.36,5.44,0,919.8,organic,2021,Wichita
31/10/2021 0:00,0.97,"25,393.20",23714.83,1673.36,5.01,26748.97,conventional,2021,Wichita
24/10/2021 0:00,0.96,"26,450.63",24781.21,1657.44,11.98,26076.8,conventional,2021,Wichita
17/10/2021 0:00,1.02,"22,825.75",21008.55,1798.67,18.52,24574.09,conventional,2021,Wichita
10/10/2021 0:00,1.01,"26,158.72",24339.96,1804.59,14.17,22997.86,conventional,2021,Wichita
31/10/2021 0:00,1.77,305.84,302.57,3.27,0,661.5,organic,2021,Wichita
24/10/2021 0:00,1.76,346.23,341.87,4.36,0,717.81,organic,2021,Wichita
17/10/2021 0:00,1.86,304.04,298.6,5.45,0,807.98,organic,2021,Wichita
10/10/2021 0:00,1.87,328.11,325.93,2.18,0,657.17,organic,2021,Wichita
28/11/2021 0:00,1.01,"17,722.32",16251.89,1464.33,6.1,21416.5,conventional,2021,Wichita
21/11/2021 0:00,1,"21,161.53",18981.16,2171.01,9.36,25695,conventional,2021,Wichita
14/11/2021 0:00,0.93,"23,653.74",21398.03,2227.57,28.13,36495.18,conventional,2021,Wichita
07/11/2021 0:00,0.9,"23,278.72",21643.62,1625.31,9.79,34189.05,conventional,2021,Wichita
28/11/2021 0:00,1.87,239.04,220.56,18.48,0,628.82,organic,2021,Wichita
21/11/2021 0:00,1.87,290.47,288.29,2.17,0,777.66,organic,2021,Wichita
14/11/2021 0:00,1.85,356.1,350.66,5.44,0,825.69,organic,2021,Wichita
07/11/2021 0:00,1.86,278.44,275.18,3.26,0,763.09,organic,2021,Wichita
26/12/2021 0:00,1.01,"22,270.06",19727.98,2529.2,12.87,30982.88,conventional,2021,Wichita
19/12/2021 0:00,1.03,"22,748.53",19969.18,2749.23,30.11,25270.34,conventional,2021,Wichita
12/12/2021 0:00,0.98,"25,664.19",20420.15,5224.49,19.55,24806.6,conventional,2021,Wichita
05/12/2021 0:00,0.97,"24,821.68",19499.43,5302.17,20.08,23944.84,conventional,2021,Wichita
26/12/2021 0:00,1.77,344.6,333.76,10.85,0,1033.46,organic,2021,Wichita
19/12/2021 0:00,1.81,244.25,230.14,14.11,0,843.41,organic,2021,Wichita
12/12/2021 0:00,1.85,241.09,218.29,22.81,0,861.53,organic,2021,Wichita
05/12/2021 0:00,1.85,254.22,250.96,3.26,0,829.5,organic,2021,Wichita
